     0/199     12.1G   0.07183   0.05139   0.02683    0.1501       229       960   0.02364   0.05402  0.007189  0.001258    0.1089      0.11   0.02906
     1/199     12.1G   0.06121   0.05969   0.01878    0.1397       172       960    0.1013    0.4364    0.1561   0.03353     0.099    0.1071   0.02494
     2/199     12.1G   0.05791   0.05356   0.01258    0.1241       265       960    0.5002    0.4488    0.2654    0.0635   0.09539    0.1017   0.02682
     3/199     12.1G   0.05542   0.04771  0.009541    0.1127       277       960      0.53    0.6863     0.615    0.1845   0.09199    0.0962   0.02576
     4/199     12.1G   0.05214   0.04059  0.007442    0.1002       179       960     0.656    0.7886    0.7061    0.2521   0.08556   0.09879   0.02614
     5/199     12.1G   0.05708   0.03656  0.007269    0.1009       207       960    0.5507    0.7315     0.626     0.192   0.09503   0.09156   0.02486
     6/199     12.1G   0.05659    0.0367  0.006717       0.1       237       960     0.693    0.8149    0.7186    0.2497   0.08991    0.0953   0.02492
     7/199     12.1G   0.05388   0.03689  0.006679   0.09745       165       960    0.6889    0.8022    0.7548    0.2804   0.09193   0.08748   0.02317
     8/199     12.1G   0.04885   0.03436  0.006593    0.0898       225       960    0.8384    0.8599    0.8654     0.355     0.083   0.09741   0.02284
     9/199     12.1G   0.05127   0.03333  0.006541   0.09114       172       960    0.7484    0.7393    0.7455    0.2944   0.08521    0.0977   0.02134
    10/199     12.1G   0.04659   0.03282  0.006148   0.08555       252       960    0.9369    0.9182    0.9575    0.4829   0.07354   0.09667   0.02177
    11/199     12.1G   0.04499   0.03582  0.005666   0.08648       205       960     0.712    0.9358    0.8516    0.3659   0.07582   0.09754   0.02042
    12/199     12.1G   0.04495   0.03763  0.005229   0.08781       292       960    0.6723    0.8886    0.8564    0.2643   0.07698   0.09884   0.02008
    13/199     12.1G   0.04631   0.03634  0.005321   0.08797       169       960    0.7065    0.8391    0.8442    0.3136   0.07746   0.09856   0.02025
    14/199     12.1G   0.04405   0.03468  0.005379   0.08411       190       960    0.9349    0.8499    0.9251    0.4153   0.07832   0.09457   0.01945
    15/199     12.1G   0.04335    0.0357  0.004586   0.08363       190       960    0.8805    0.9114    0.9095    0.5071   0.07184   0.09634   0.01929
    16/199     12.1G   0.04677   0.03538  0.005157   0.08731       250       960    0.7014    0.9313    0.9223    0.4782   0.07519   0.09345   0.01939
    17/199     12.1G   0.04254   0.03621  0.004449    0.0832       222       960    0.8677    0.8629    0.8635    0.4115   0.07418   0.09478   0.01924
    18/199     12.1G   0.04171   0.03585  0.004108   0.08167       210       960    0.8638    0.9188    0.9238    0.4735   0.07373   0.09355   0.01952
    19/199     12.1G   0.03951   0.03399  0.003524   0.07703       355       960    0.8271    0.8825     0.888    0.3856   0.07908   0.09789   0.01842
    20/199     12.1G   0.03866   0.03315  0.003693    0.0755       263       960    0.9513    0.9578    0.9732    0.6208   0.07062   0.09507   0.01909
    21/199     12.1G   0.04105   0.03353  0.003258   0.07785       308       960    0.9469    0.9509    0.9601     0.542   0.07326   0.09402   0.01873
    22/199     12.1G   0.03576   0.03167   0.00316   0.07059       278       960    0.8777    0.8953    0.9132    0.4725   0.07539   0.09374    0.0191
    23/199     12.1G   0.03573   0.03283  0.002677   0.07124       260       960    0.9481     0.927    0.9567     0.585   0.07163    0.1007    0.0188
    24/199     12.1G   0.03824   0.03127  0.002669   0.07218       218       960    0.9419    0.9426    0.9598    0.5434   0.07102    0.1023   0.01905
    25/199     12.1G    0.0379   0.03366  0.002802   0.07437       252       960    0.9599    0.9457    0.9674     0.596   0.06897   0.09974   0.01916
    26/199     12.1G    0.0327   0.03358  0.002158   0.06844       172       960    0.9565    0.9682    0.9736    0.6414   0.06866   0.09926    0.0196
    27/199     12.1G   0.03194   0.03213     0.002   0.06607       271       960    0.9701    0.9664    0.9855    0.6365   0.06895   0.09991    0.0198
    28/199     12.1G   0.03163   0.02939  0.001785    0.0628       265       960    0.9581    0.9594    0.9771    0.6109   0.06909     0.106   0.01921
    29/199     12.1G   0.02974   0.03136  0.001694   0.06279       257       960    0.9577    0.9782    0.9789    0.6466   0.06834    0.1024   0.01984
    30/199     12.1G    0.0301   0.03036  0.001739    0.0622       157       960    0.9576    0.9728    0.9727    0.5877   0.06969     0.109   0.01999
    31/199     12.1G   0.02995   0.03028  0.001533   0.06176       212       960    0.9584    0.9626    0.9654     0.618   0.06883    0.1092   0.01958
    32/199     12.1G   0.02834   0.02915  0.001463   0.05895       174       960    0.9605    0.9662    0.9719    0.6118   0.06908    0.1066   0.02014
    33/199     12.1G   0.02948   0.03043  0.001416   0.06133       198       960    0.9609    0.9528    0.9675    0.5708   0.06916    0.1085   0.02041
    34/199     12.1G   0.02898    0.0297  0.001873   0.06055       259       960    0.9605    0.9666    0.9742    0.5835   0.06921    0.1107   0.02011
    35/199     12.1G   0.02808   0.02908   0.00155   0.05872       240       960    0.9643    0.9737    0.9749     0.663   0.06673    0.1098   0.01981
    36/199     12.1G    0.0279   0.02722  0.001442   0.05657       222       960    0.9651    0.9732    0.9745    0.6725   0.06664    0.1098   0.02073
    37/199     12.1G   0.02803   0.02869  0.001333   0.05805       208       960     0.964    0.9745    0.9789    0.6949   0.06571    0.1114   0.02052
    38/199     12.1G   0.02732    0.0276  0.001431   0.05635       200       960    0.9626    0.9551    0.9754     0.675   0.06574    0.1135   0.02001
    39/199     12.1G   0.02606   0.02927  0.001435   0.05677       211       960    0.9598    0.9628    0.9686    0.6426   0.06646    0.1135   0.02013
    40/199     12.1G   0.02722   0.02793  0.001163   0.05632       162       960    0.9604    0.9708    0.9785    0.6866    0.0652    0.1152   0.02009
    41/199     12.1G   0.02798   0.02863  0.001402   0.05801       271       960    0.9616    0.9568    0.9741    0.6654   0.06504    0.1153   0.01988
    42/199     12.1G   0.02543   0.02777  0.001043   0.05424       222       960    0.9687    0.9605    0.9814    0.6913   0.06446    0.1123    0.0207
    43/199     12.1G   0.02495   0.02853  0.001184   0.05466       283       960     0.965    0.9517    0.9791    0.6833   0.06431    0.1137   0.02073
    44/199     12.1G   0.02642   0.02827  0.001349   0.05604       234       960    0.9605    0.9394    0.9687    0.6798   0.06402     0.118   0.02046
    45/199     12.1G   0.02606   0.02869  0.001051    0.0558       230       960    0.9676    0.9348    0.9707    0.6713   0.06374    0.1171   0.02019
    46/199     12.1G   0.02567   0.02777  0.001077   0.05452       177       960    0.9648    0.9633    0.9789     0.682   0.06394    0.1163   0.02052
    47/199     12.1G   0.02655   0.02876  0.001138   0.05644       243       960    0.9539    0.9735    0.9806    0.6754   0.06378    0.1146   0.02047
    48/199     12.1G   0.02504    0.0292  0.001263    0.0555       224       960    0.9538    0.9677    0.9831    0.6797   0.06384    0.1148   0.02072
    49/199     12.1G   0.02457   0.02648   0.00104   0.05209       266       960    0.9508    0.9609    0.9774    0.6701   0.06421    0.1179   0.02046
    50/199     12.1G   0.02468   0.02941 0.0009866   0.05507       275       960    0.9552    0.9566    0.9669    0.6495   0.06521    0.1168   0.02066
    51/199     12.1G   0.02535   0.02784  0.001044   0.05424       298       960    0.9602    0.9552     0.966    0.6635   0.06458    0.1143    0.0205
    52/199     12.1G   0.02405   0.02827  0.001022   0.05335       227       960    0.9456    0.9646    0.9741    0.6666   0.06345    0.1146   0.02034
    53/199     12.1G    0.0239   0.02765 0.0009653   0.05251       180       960    0.9629    0.9582    0.9767    0.6545   0.06342    0.1144   0.02048
    54/199     12.1G   0.02459   0.02785 0.0009985   0.05345       161       960    0.9556    0.9522    0.9706    0.6312   0.06508    0.1149   0.02046
    55/199     12.1G   0.02497   0.02738  0.001079   0.05343       144       960    0.9555    0.9634    0.9695    0.6785   0.06261    0.1118   0.02087
    56/199     12.1G   0.02408   0.02899  0.001067   0.05414       173       960     0.956     0.963     0.973    0.6458   0.06369    0.1127    0.0205
    57/199     12.1G   0.02397   0.02884  0.001281   0.05409       214       960    0.9498     0.959    0.9755    0.6592   0.06312     0.114   0.01987
    58/199     12.1G   0.02488   0.02827 0.0009306   0.05408       165       960      0.95    0.9659    0.9742    0.6229   0.06408    0.1138   0.02015
    59/199     12.1G   0.02444   0.02695   0.00129   0.05267       242       960    0.9677    0.9628     0.972    0.6782   0.06174    0.1117   0.02005
    60/199     12.1G   0.02385   0.02883  0.001228   0.05391       249       960    0.9569    0.9742    0.9777    0.6876   0.06198    0.1089   0.02051
    61/199     12.1G   0.02326   0.02898  0.001064   0.05331       178       960    0.9552    0.9692    0.9771    0.6934   0.06141    0.1111   0.02004
    62/199     12.1G   0.02366   0.02815  0.001058   0.05287       173       960    0.9594    0.9705    0.9787    0.6796   0.06185    0.1098   0.02043
    63/199     12.1G   0.02301   0.02758 0.0009625   0.05155       192       960    0.9647    0.9666    0.9803    0.6934   0.06149    0.1095   0.02051
    64/199     12.1G   0.02398   0.02861   0.00104   0.05363       193       960    0.9521    0.9637    0.9793    0.6865   0.06132     0.113   0.01985
    65/199     12.1G   0.02348   0.02705  0.001012   0.05154       209       960    0.9602    0.9655    0.9812    0.7004   0.06065    0.1098   0.02027
    66/199     12.1G   0.02402   0.02774 0.0009334   0.05269       220       960    0.9534    0.9667    0.9723    0.6851   0.06132    0.1122   0.02045
    67/199     12.1G   0.02276   0.02684  0.001051   0.05065       203       960    0.9456    0.9674    0.9703    0.6806   0.06121    0.1124   0.02044
    68/199     12.1G   0.02378   0.02762 0.0008608   0.05226       190       960    0.9566    0.9647    0.9757     0.687   0.06066    0.1118   0.02092
    69/199     12.1G   0.02314   0.02801 0.0009755   0.05212       245       960    0.9559    0.9669    0.9801    0.6844   0.06034    0.1131   0.02094
    70/199     12.1G   0.02308   0.02833 0.0008403   0.05225       244       960    0.9596    0.9686    0.9747    0.6664   0.06075    0.1144     0.021
    71/199     12.1G   0.02262   0.02645     0.001   0.05007       185       960    0.9542    0.9577    0.9646    0.6583   0.06097    0.1177   0.02061
    72/199     12.1G   0.02305   0.02834  0.001055   0.05244       185       960    0.9469    0.9676    0.9626    0.6477   0.06188    0.1179   0.02025
    73/199     12.1G   0.02269   0.02707 0.0007307   0.05049       214       960    0.9546     0.966    0.9668    0.6699   0.06051    0.1168   0.02023
    74/199     12.1G   0.02269   0.02767  0.001021   0.05138       201       960    0.9562    0.9555     0.971    0.6765   0.06062    0.1166   0.02028
    75/199     12.1G   0.02218   0.02729 0.0007965   0.05026       149       960    0.9553    0.9656    0.9725    0.6572   0.06082    0.1173   0.02105
    76/199     12.1G   0.02178   0.02575  0.001224   0.04876       225       960    0.9482    0.9629    0.9684    0.6698   0.06042    0.1182   0.02108
    77/199     12.1G   0.02182   0.02774 0.0007088   0.05028       184       960    0.9465    0.9526    0.9657    0.6731   0.06012     0.121   0.02061
    78/199     12.1G   0.02175   0.02603 0.0009206    0.0487       229       960    0.9506    0.9616    0.9613      0.67   0.06035    0.1208   0.02094
    79/199     12.1G   0.02168   0.02635 0.0008171   0.04885       210       960    0.9463    0.9659    0.9677    0.6578   0.06116    0.1227   0.02058
    80/199     12.1G   0.02225   0.02763 0.0008275   0.05071       254       960    0.9484    0.9659    0.9723    0.6688   0.06087    0.1245   0.02015
    81/199     12.1G   0.02118    0.0265 0.0006569   0.04834       192       960    0.9488    0.9651    0.9716    0.6667   0.06051    0.1234   0.02052
    82/199     12.1G   0.02137   0.02623 0.0007529   0.04836       268       960    0.9559    0.9658    0.9738    0.6708   0.06028    0.1212   0.02063
    83/199     12.1G   0.02113   0.02596 0.0006625   0.04776       242       960      0.95    0.9672     0.977    0.6654   0.06027    0.1219   0.02103
    84/199     12.1G   0.02134   0.02599  0.000733   0.04807       234       960    0.9652     0.947     0.972    0.6637   0.06015    0.1234   0.02114
    85/199     12.1G   0.02137   0.02609 0.0008564   0.04832       254       960    0.9529    0.9603    0.9721    0.6588   0.05998    0.1236   0.02095
    86/199     12.1G   0.02144   0.02729 0.0009194   0.04965       221       960    0.9589    0.9621    0.9721    0.6673   0.06018    0.1226   0.02096
    87/199     12.1G   0.02077   0.02609 0.0007913   0.04765       197       960     0.956    0.9623    0.9649     0.678   0.05992    0.1235   0.02107
    88/199     12.1G   0.02109   0.02593 0.0007769    0.0478       223       960    0.9583    0.9638    0.9724    0.6826   0.05985    0.1239   0.02119
    89/199     12.1G   0.02074   0.02644 0.0009516   0.04813       277       960    0.9583    0.9663    0.9726    0.6742   0.05939    0.1242   0.02058
    90/199     12.1G   0.02118    0.0257 0.0007474   0.04762       292       960    0.9521    0.9667    0.9723    0.6773    0.0588    0.1232    0.0202
    91/199     12.1G   0.02101   0.02518 0.0009259   0.04712       199       960    0.9568    0.9669    0.9714     0.675   0.05836    0.1245   0.02094
    92/199     12.1G   0.02153   0.02539 0.0009221   0.04784       263       960    0.9579    0.9669    0.9686    0.6822   0.05796    0.1257   0.02107
    93/199     12.1G   0.02103   0.02617 0.0006971   0.04789       234       960    0.9557    0.9681    0.9705    0.6817   0.05818    0.1268   0.02078
    94/199     12.1G   0.02082   0.02502 0.0006896   0.04652       305       960    0.9537    0.9703    0.9753    0.6911   0.05772    0.1262   0.02055
    95/199     12.1G   0.02057   0.02612 0.0009011   0.04759       278       960    0.9541    0.9689    0.9771    0.6751   0.05798    0.1281   0.02048
    96/199     12.1G   0.02015   0.02475 0.0007114   0.04561       152       960    0.9545    0.9645    0.9743    0.6816    0.0576    0.1292   0.02079
    97/199     12.1G   0.02014   0.02577 0.0006071   0.04651       206       960    0.9591    0.9566    0.9725    0.6717   0.05758    0.1294   0.02111
    98/199     12.1G   0.02042   0.02612 0.0006459   0.04719       247       960    0.9444    0.9567    0.9663    0.6789   0.05704    0.1312   0.02064
    99/199     12.1G    0.0206   0.02471 0.0008697   0.04618       263       960     0.939     0.963    0.9648    0.6753   0.05713    0.1315   0.02047
   100/199     12.1G   0.02016   0.02545  0.000809   0.04642       210       960    0.9527    0.9593    0.9706    0.6683   0.05726    0.1304   0.02093
   101/199     12.1G   0.02007   0.02371 0.0008263   0.04461       268       960    0.9549    0.9653     0.975    0.6733   0.05783    0.1299   0.02139
   102/199     12.1G   0.02016   0.02612  0.000788   0.04706       253       960     0.943    0.9713    0.9714    0.6639   0.05827    0.1296   0.02123
   103/199     12.1G   0.01995   0.02356 0.0006959   0.04421       236       960     0.951    0.9716    0.9753    0.6808   0.05811    0.1298   0.02111
   104/199     12.1G   0.02012   0.02519 0.0007701   0.04608       283       960    0.9555    0.9646    0.9699    0.6773   0.05826    0.1306   0.02122
   105/199     12.1G   0.01997   0.02515  0.000641   0.04577       288       960    0.9508    0.9609    0.9649     0.668   0.05841    0.1325   0.02155
   106/199     12.1G   0.02001   0.02532  0.000662     0.046       236       960    0.9513    0.9667     0.971    0.6612   0.05774    0.1327   0.02153
   107/199     12.1G   0.01973   0.02452 0.0007174   0.04496       243       960    0.9466    0.9673    0.9707    0.6628   0.05759    0.1348   0.02127
   108/199     12.1G   0.01981   0.02401 0.0006295   0.04445       261       960     0.952     0.971    0.9764    0.6825   0.05699    0.1321    0.0222
   109/199     12.1G   0.01976   0.02588 0.0008086   0.04645       229       960    0.9527     0.964    0.9755    0.6854   0.05658     0.134   0.02237
   110/199     12.1G   0.01985   0.02563 0.0007627   0.04624       250       960    0.9485    0.9706    0.9684    0.6745   0.05674    0.1311   0.02198
   111/199     12.1G   0.01957   0.02464 0.0006353   0.04485       247       960    0.9504    0.9675    0.9665    0.6775   0.05697    0.1316   0.02171
   112/199     12.1G    0.0199   0.02424 0.0006343   0.04478       192       960    0.9448    0.9717    0.9672    0.6776   0.05697    0.1317   0.02167
   113/199     12.1G   0.01964   0.02507 0.0008201   0.04552       163       960     0.953    0.9691    0.9692    0.6729    0.0568    0.1331   0.02165
   114/199     12.1G   0.01941   0.02423 0.0006924   0.04433       137       960    0.9593    0.9636    0.9697    0.6715   0.05691    0.1352   0.02186
   115/199     12.1G   0.01916   0.02448 0.0006332   0.04427       191       960    0.9626    0.9656     0.974    0.6765   0.05679    0.1339   0.02212
   116/199     12.1G   0.01972   0.02557 0.0006594   0.04595       299       960    0.9537    0.9709    0.9738    0.6803   0.05739    0.1338   0.02172
   117/199     12.1G   0.01928   0.02442 0.0008944   0.04459       117       960    0.9572    0.9693    0.9733    0.6781   0.05769    0.1338   0.02133
   118/199     12.1G   0.01927    0.0244 0.0006108   0.04428       241       960     0.953    0.9665    0.9695    0.6748   0.05782    0.1348   0.02128
   119/199     12.1G   0.01912   0.02373 0.0007488    0.0436       224       960    0.9571    0.9624    0.9708    0.6765   0.05835    0.1345   0.02138
   120/199     12.1G    0.0192   0.02317  0.000841    0.0432       233       960    0.9621    0.9534    0.9673    0.6774   0.05831    0.1355   0.02178
   121/199     12.1G   0.01908   0.02489 0.0007452   0.04471       305       960    0.9615    0.9513    0.9672    0.6736   0.05868    0.1354   0.02201
   122/199     12.1G   0.01908   0.02464 0.0008505   0.04458       229       960    0.9554    0.9615    0.9671    0.6735    0.0584    0.1333     0.022
   123/199     12.1G   0.01909   0.02311  0.000881   0.04309       203       960    0.9526    0.9655    0.9693     0.672    0.0584    0.1329   0.02198
   124/199     12.1G   0.01886   0.02402 0.0007354   0.04361       182       960    0.9556    0.9586    0.9629    0.6777   0.05851    0.1348   0.02229
   125/199     12.1G   0.01902   0.02409 0.0005676   0.04367       374       960    0.9557    0.9614    0.9644    0.6788   0.05839     0.138   0.02221
   126/199     12.1G   0.01923   0.02457 0.0006029    0.0444       273       960     0.957    0.9637    0.9676    0.6797   0.05828    0.1377   0.02194
   127/199     12.1G   0.01855   0.02361 0.0004338   0.04259       321       960    0.9538    0.9664    0.9708    0.6826   0.05833    0.1365   0.02186
   128/199     12.1G   0.01905   0.02327 0.0006074   0.04293       205       960    0.9504    0.9641    0.9654    0.6768   0.05828    0.1358   0.02168
   129/199     12.1G   0.01865   0.02485  0.000598   0.04411       211       960    0.9585    0.9626    0.9719    0.6781   0.05786    0.1347   0.02209
   130/199     12.1G   0.01862   0.02347 0.0005892   0.04268       244       960    0.9613    0.9613      0.97    0.6797   0.05779    0.1359   0.02271
   131/199     12.1G   0.01908   0.02332 0.0007068    0.0431       315       960    0.9606    0.9654    0.9638    0.6757   0.05818    0.1372   0.02252
   132/199     12.1G   0.01897   0.02444 0.0004763   0.04388       277       960    0.9585     0.958    0.9633    0.6704   0.05806    0.1388   0.02165
   133/199     12.1G   0.01881   0.02379 0.0006703   0.04327       250       960    0.9587    0.9602    0.9644     0.675   0.05788    0.1387   0.02179
   134/199     12.1G   0.01866   0.02495 0.0004858    0.0441       320       960    0.9652    0.9599    0.9696    0.6787    0.0579    0.1378   0.02208
   135/199     12.1G   0.01868   0.02505 0.0007282   0.04446       255       960    0.9587    0.9594     0.965    0.6673   0.05787    0.1353    0.0218
   136/199     12.1G   0.01863    0.0241 0.0006777   0.04341       225       960    0.9535    0.9612    0.9623    0.6807   0.05764    0.1353     0.022
   137/199     12.1G   0.01836   0.02372 0.0005155   0.04259       193       960      0.95    0.9651    0.9634    0.6799   0.05751    0.1381   0.02239
   138/199     12.1G   0.01836    0.0238 0.0004848   0.04264       243       960    0.9468    0.9657      0.96    0.6747   0.05777    0.1389   0.02208
   139/199     12.1G    0.0185   0.02305  0.001217   0.04277       171       960    0.9437    0.9622    0.9621    0.6755   0.05769    0.1395   0.02171
   140/199     12.1G   0.01831   0.02339 0.0006739   0.04237       229       960    0.9455    0.9602    0.9591    0.6685   0.05795    0.1398   0.02195
   141/199     12.1G   0.01825   0.02444 0.0006068   0.04329       257       960    0.9537    0.9587    0.9606    0.6691   0.05776    0.1399   0.02245
   142/199     12.1G   0.01888   0.02311 0.0006305   0.04263       233       960    0.9602    0.9498    0.9609    0.6746    0.0576    0.1409   0.02265
   143/199     12.1G   0.01831    0.0246 0.0004963   0.04341       203       960     0.951     0.954    0.9601    0.6744   0.05729    0.1424   0.02268
   144/199     12.1G   0.01856   0.02396 0.0008359   0.04335       275       960    0.9461    0.9556     0.956    0.6726    0.0571    0.1425    0.0227
   145/199     12.1G   0.01833   0.02363 0.0006075   0.04257       228       960     0.948    0.9567    0.9581    0.6721   0.05707    0.1421   0.02316
   146/199     12.1G   0.01835   0.02311    0.0006   0.04206       234       960     0.952    0.9629    0.9632    0.6763   0.05717    0.1412   0.02362
   147/199     12.1G    0.0181   0.02384 0.0005424   0.04248       207       960    0.9521    0.9639    0.9644    0.6773   0.05682    0.1414   0.02339
   148/199     12.1G   0.01843   0.02265 0.0007271   0.04181       182       960    0.9554    0.9589    0.9636    0.6759   0.05654    0.1418   0.02291
   149/199     12.1G   0.01792   0.02419  0.000592    0.0427       163       960    0.9494     0.962    0.9649    0.6738    0.0563    0.1411   0.02257
   150/199     12.1G   0.01819   0.02333 0.0007292   0.04224       263       960    0.9525    0.9594    0.9626    0.6762   0.05617    0.1415   0.02277
   151/199     12.1G   0.01829   0.02364 0.0006023   0.04253       252       960    0.9529    0.9612    0.9607    0.6796   0.05624    0.1418   0.02323
   152/199     12.1G   0.01826    0.0235 0.0007274   0.04249       180       960    0.9498    0.9656    0.9618    0.6796   0.05645    0.1412   0.02352
   153/199     12.1G   0.01816   0.02235  0.000808   0.04132       248       960    0.9534    0.9602    0.9634    0.6785   0.05674    0.1427   0.02349
   154/199     12.1G     0.018   0.02342  0.000476    0.0419       241       960    0.9551    0.9498    0.9644     0.677    0.0567    0.1439   0.02293
   155/199     12.1G   0.01768   0.02299 0.0004058   0.04108       245       960    0.9556    0.9533    0.9667    0.6763    0.0567    0.1437   0.02285
   156/199     12.1G   0.01787   0.02251 0.0007484   0.04114       302       960    0.9578    0.9631    0.9706    0.6809   0.05665    0.1438   0.02335
   157/199     12.1G   0.01822   0.02268 0.0007011    0.0416       245       960    0.9533     0.962    0.9666     0.676   0.05684    0.1449   0.02355
   158/199     12.1G   0.01839   0.02363 0.0007166   0.04274       166       960    0.9521    0.9631    0.9647     0.679   0.05663    0.1442   0.02331
   159/199     12.1G   0.01815   0.02286 0.0006434   0.04165       193       960    0.9525    0.9635    0.9639    0.6742   0.05657    0.1436   0.02298
   160/199     12.1G     0.018   0.02309 0.0003602   0.04145       217       960     0.959    0.9609    0.9655    0.6746   0.05695    0.1439    0.0233
   161/199     12.1G   0.01818   0.02364 0.0008095   0.04263       203       960    0.9574    0.9588    0.9637    0.6789   0.05655    0.1447   0.02354
   162/199     12.1G   0.01801    0.0219 0.0006666   0.04057       240       960    0.9539    0.9629    0.9607    0.6761   0.05614    0.1446   0.02352
   163/199     12.1G   0.01796   0.02315 0.0005758   0.04168       272       960    0.9506    0.9639    0.9589    0.6742    0.0558    0.1452   0.02326
   164/199     12.1G   0.01782   0.02289 0.0007108   0.04142       217       960    0.9496     0.967    0.9591    0.6767   0.05589    0.1455   0.02361
   165/199     12.1G   0.01801   0.02374 0.0005517    0.0423       216       960    0.9523    0.9668    0.9612    0.6797   0.05609    0.1454     0.024
   166/199     12.1G   0.01774   0.02264  0.000473   0.04085       290       960    0.9528    0.9664    0.9644    0.6791    0.0565    0.1444   0.02384
   167/199     12.1G   0.01776   0.02289  0.000628   0.04128       151       960    0.9518    0.9663    0.9639    0.6815   0.05683    0.1437   0.02366
   168/199     12.1G   0.01803   0.02232 0.0006207   0.04097       224       960    0.9514    0.9663    0.9648    0.6778   0.05701     0.144    0.0237
   169/199     12.1G   0.01788   0.02332 0.0006538   0.04185       178       960    0.9511    0.9653    0.9657     0.679   0.05703    0.1445   0.02397
   170/199     12.1G   0.01775   0.02213 0.0005636   0.04044       204       960    0.9533    0.9622    0.9642    0.6769   0.05701    0.1442   0.02394
   171/199     12.1G   0.01781    0.0233 0.0004908    0.0416       198       960    0.9576    0.9604    0.9629    0.6778   0.05664     0.145   0.02368
   172/199     12.1G   0.01744    0.0229 0.0004687   0.04081       244       960    0.9525    0.9656    0.9647    0.6805   0.05637    0.1441   0.02378
   173/199     12.1G   0.01794    0.0228 0.0006763   0.04142       202       960    0.9533     0.964    0.9637    0.6768   0.05646     0.144   0.02389
   174/199     12.1G   0.01775   0.02247 0.0005395   0.04076       204       960    0.9542    0.9644    0.9661    0.6844   0.05629    0.1448   0.02411
   175/199     12.1G   0.01757    0.0226 0.0006373    0.0408       232       960    0.9535    0.9626    0.9659     0.679    0.0566    0.1454   0.02416
   176/199     12.1G   0.01746   0.02274 0.0005575   0.04076       190       960    0.9577    0.9576    0.9659    0.6792   0.05651    0.1465   0.02414
   177/199     12.1G   0.01739   0.02176 0.0004192   0.03957       227       960    0.9542    0.9615    0.9658    0.6734    0.0565    0.1465   0.02411
   178/199     12.1G   0.01768   0.02252 0.0004477   0.04066       165       960    0.9536    0.9623    0.9643    0.6783   0.05626    0.1467   0.02413
   179/199     12.1G   0.01745   0.02216    0.0004   0.04002       157       960    0.9591    0.9604    0.9656    0.6781    0.0564     0.147    0.0242
   180/199     12.1G   0.01756   0.02292 0.0006517   0.04114       237       960    0.9515    0.9668    0.9627    0.6753   0.05635    0.1468   0.02421
   181/199     12.1G   0.01745   0.02118 0.0004952   0.03913       167       960    0.9514    0.9666    0.9592    0.6728   0.05646    0.1466   0.02415
   182/199     12.1G   0.01751   0.02253 0.0006726   0.04071       156       960    0.9526    0.9646    0.9576    0.6707   0.05651    0.1471     0.024
   183/199     12.1G   0.01743   0.02376 0.0004882   0.04167       223       960    0.9515    0.9631    0.9563    0.6745   0.05621    0.1479   0.02385
   184/199     12.1G   0.01728   0.02295 0.0006778    0.0409       215       960    0.9507    0.9655    0.9594    0.6769   0.05604    0.1479   0.02402
   185/199     12.1G   0.01745   0.02241 0.0005044   0.04037       193       960     0.954    0.9633    0.9593    0.6765   0.05591     0.148   0.02403
   186/199     12.1G    0.0175   0.02311 0.0005761   0.04119       297       960    0.9551    0.9626    0.9598    0.6777   0.05578    0.1472   0.02392
   187/199     12.1G   0.01788   0.02189 0.0005143   0.04029       208       960    0.9495    0.9668    0.9624    0.6817   0.05584    0.1474   0.02379
   188/199     12.1G   0.01734   0.02188 0.0005973   0.03982       291       960    0.9524    0.9654    0.9619    0.6771   0.05602    0.1468   0.02392
   189/199     12.1G   0.01747   0.02268 0.0005224   0.04067       234       960    0.9534    0.9668    0.9618    0.6729   0.05593    0.1475   0.02422
   190/199     12.1G   0.01754   0.02284 0.0006726   0.04105       217       960     0.954    0.9664    0.9608    0.6747   0.05594    0.1482   0.02454
   191/199     12.1G    0.0172   0.02392 0.0006362   0.04176       258       960    0.9554    0.9617    0.9604    0.6716     0.056    0.1483   0.02439
   192/199     12.1G   0.01764   0.02204 0.0004968   0.04017       197       960    0.9555    0.9596    0.9601    0.6735     0.056    0.1483   0.02419
   193/199     12.1G   0.01753   0.02226 0.0005936   0.04039       151       960    0.9586    0.9606    0.9617    0.6745   0.05598    0.1484   0.02417
   194/199     12.1G   0.01725   0.02173 0.0004282    0.0394       183       960    0.9592    0.9618    0.9637    0.6761   0.05599    0.1484   0.02408
   195/199     12.1G   0.01749   0.02293 0.0003949   0.04081       215       960     0.952    0.9623     0.961    0.6766   0.05604    0.1485   0.02384
   196/199     12.1G   0.01747   0.02275  0.000444   0.04066       290       960    0.9531    0.9594    0.9575    0.6728   0.05624     0.149    0.0237
   197/199     12.1G   0.01714   0.02326 0.0004319   0.04083       181       960    0.9526    0.9645    0.9584    0.6741   0.05627    0.1482   0.02392
   198/199     12.1G     0.017   0.02096 0.0003493   0.03831       169       960    0.9526    0.9648     0.957     0.672   0.05648    0.1484   0.02412
   199/199     12.1G   0.01736   0.02193 0.0006895   0.03998       169       960    0.9527    0.9647    0.9565    0.6748   0.05654    0.1488   0.02408
