2 0.822396 0.431019 0.058333 0.075000
2 0.887240 0.455556 0.035937 0.068519
1 0.554167 0.202315 0.080208 0.402778
1 0.671875 0.193519 0.092708 0.385185
0 0.529687 0.201852 0.030208 0.401852
0 0.573958 0.193519 0.042708 0.385185
1 0.188802 0.250463 0.067187 0.189815
2 0.734115 0.384722 0.032813 0.060185
3 0.343490 0.575926 0.136979 0.462963
2 0.449479 0.300926 0.079167 0.081481
1 0.269792 0.160185 0.078125 0.318519
1 0.452083 0.466204 0.063542 0.313889
0 0.472135 0.468056 0.023438 0.300926
0 0.439063 0.464815 0.040625 0.312963
2 0.171354 0.160185 0.051042 0.033333
