3 0.348177 0.566667 0.149479 0.442593
2 0.109375 0.247222 0.030208 0.042593
2 0.210938 0.118519 0.048958 0.064815
2 0.410677 0.212037 0.058854 0.077778
2 0.501042 0.111111 0.098958 0.055556
2 0.722917 0.353704 0.055208 0.083333
2 0.799219 0.410648 0.041146 0.073148
2 0.869271 0.443981 0.050000 0.063889
1 0.636979 0.196759 0.094792 0.347222
1 0.489323 0.412500 0.065104 0.310185
1 0.328646 0.155093 0.087500 0.297222
0 0.346354 0.155556 0.047917 0.283333
0 0.472396 0.416204 0.026042 0.312037
0 0.514583 0.420370 0.020833 0.298148
0 0.609115 0.189815 0.039062 0.329630
0 0.655469 0.198611 0.042188 0.326852
0 0.441406 0.487963 0.027604 0.248148
