3 0.367708 0.828704 0.144792 0.305556
2 0.205469 0.208796 0.052604 0.067593
2 0.460677 0.291667 0.059896 0.096296
2 0.752083 0.393519 0.069792 0.098148
2 0.829688 0.428241 0.042708 0.080556
2 0.894010 0.456481 0.045312 0.079630
1 0.214062 0.299537 0.058333 0.137963
1 0.462760 0.475000 0.067187 0.331481
1 0.566927 0.185185 0.082812 0.368519
1 0.679427 0.198611 0.101562 0.395370
0 0.446094 0.461574 0.034896 0.299074
0 0.482552 0.477778 0.027604 0.314815
0 0.542708 0.177778 0.033333 0.353704
0 0.591406 0.184259 0.034896 0.366667
