3 0.365365 0.742130 0.139063 0.419444
2 0.235417 0.255556 0.050000 0.055556
2 0.475260 0.301389 0.056771 0.080556
2 0.764062 0.401852 0.064583 0.077778
2 0.840104 0.432407 0.039583 0.075926
2 0.901042 0.466667 0.041667 0.062963
1 0.240365 0.314815 0.045312 0.090741
1 0.471354 0.473611 0.064583 0.321296
1 0.584635 0.185185 0.085938 0.368519
1 0.702083 0.207407 0.108333 0.412963
0 0.455469 0.472222 0.031771 0.316667
0 0.492969 0.480093 0.021354 0.308333
0 0.560156 0.175463 0.035937 0.349074
0 0.607552 0.183796 0.041146 0.365741
