2 0.812760 0.420833 0.058854 0.075000
2 0.878385 0.449537 0.036979 0.069444
1 0.526563 0.239815 0.078125 0.477778
1 0.652865 0.194444 0.094271 0.387037
0 0.502344 0.224537 0.026562 0.447222
0 0.546615 0.238889 0.041146 0.475926
1 0.183073 0.196759 0.083854 0.326852
2 0.727865 0.381944 0.034896 0.065741
3 0.345573 0.572685 0.145313 0.471296
2 0.439844 0.293519 0.078646 0.081481
1 0.242969 0.185185 0.090104 0.368519
1 0.442969 0.469444 0.068229 0.348148
0 0.465365 0.479630 0.023438 0.331481
0 0.428385 0.459259 0.038021 0.318519
