2 0.228125 0.243056 0.046875 0.054630
2 0.482292 0.259722 0.062500 0.080556
2 0.788542 0.416204 0.052083 0.071296
2 0.857292 0.443519 0.038542 0.072222
2 0.919792 0.455556 0.031250 0.051852
1 0.476562 0.457407 0.066667 0.368519
1 0.612240 0.181019 0.082812 0.360185
1 0.722656 0.356944 0.111979 0.313889
0 0.460938 0.443519 0.034375 0.351852
0 0.497656 0.460648 0.024479 0.363889
0 0.588021 0.167130 0.035417 0.332407
1 0.175521 0.139352 0.077083 0.276852
2 0.751042 0.211574 0.060417 0.047222
3 0.185938 0.905556 0.165625 0.185185
2 0.377604 0.044907 0.090625 0.041667
