2 0.215365 0.196759 0.046354 0.043519
2 0.490625 0.193981 0.064583 0.075000
2 0.794792 0.418519 0.062500 0.072222
2 0.863542 0.443519 0.038542 0.072222
1 0.485156 0.397685 0.073438 0.426852
1 0.626302 0.188426 0.088021 0.375000
0 0.464062 0.394444 0.033333 0.414815
0 0.508594 0.405556 0.031771 0.409259
0 0.600521 0.172685 0.037500 0.343519
1 0.181250 0.142130 0.077083 0.282407
2 0.736979 0.315741 0.051042 0.081481
3 0.368490 0.655093 0.196354 0.436111
2 0.393750 0.156481 0.085417 0.055556
0 0.457031 0.738889 0.028646 0.274074
0 0.325521 0.810185 0.029167 0.120370
