3 0.353906 0.562963 0.148438 0.440741
2 0.113802 0.240741 0.029687 0.053704
2 0.215104 0.149537 0.051042 0.062037
2 0.400521 0.184722 0.073958 0.071296
2 0.494792 0.151389 0.086458 0.069444
2 0.724740 0.343056 0.049479 0.086111
1 0.627865 0.199537 0.091146 0.328704
1 0.489323 0.437037 0.068229 0.303704
1 0.414323 0.454630 0.063021 0.259259
1 0.319271 0.162963 0.080208 0.296296
0 0.389583 0.438889 0.043750 0.257407
0 0.430469 0.466204 0.032813 0.243519
0 0.466146 0.423611 0.023958 0.286111
0 0.510677 0.444444 0.018229 0.274074
2 0.794792 0.410185 0.047917 0.072222
2 0.866927 0.443056 0.042188 0.067593
0 0.604948 0.195833 0.033854 0.336111
0 0.652865 0.203241 0.041146 0.312037
