3 0.349479 0.556019 0.146875 0.412037
2 0.114844 0.247222 0.023438 0.053704
2 0.217448 0.195833 0.040104 0.063889
2 0.398177 0.136574 0.078646 0.056481
2 0.489063 0.200000 0.071875 0.072222
2 0.730208 0.296759 0.051042 0.071296
2 0.795052 0.407870 0.046354 0.076852
2 0.862500 0.439352 0.040625 0.075000
1 0.623958 0.181481 0.083333 0.340741
1 0.481771 0.467593 0.057292 0.288889
1 0.403385 0.414352 0.069271 0.295370
1 0.319271 0.158796 0.080208 0.300926
0 0.382552 0.403704 0.046354 0.281481
0 0.423698 0.416667 0.040104 0.287037
0 0.462240 0.457870 0.025521 0.262037
0 0.502604 0.475463 0.022917 0.265741
0 0.598437 0.185185 0.030208 0.322222
0 0.645573 0.202315 0.040104 0.317593
