3 0.365625 0.740278 0.138542 0.423148
2 0.234635 0.256944 0.050521 0.054630
2 0.473698 0.300463 0.056771 0.082407
2 0.762240 0.401389 0.066146 0.080556
2 0.838281 0.432407 0.042188 0.075926
2 0.900521 0.468519 0.044792 0.064815
1 0.240365 0.313426 0.045312 0.093519
1 0.469531 0.472222 0.059896 0.318519
1 0.583333 0.185185 0.086458 0.368519
1 0.701042 0.206481 0.105208 0.411111
0 0.455729 0.470833 0.033333 0.310185
0 0.488542 0.476852 0.019792 0.307407
0 0.558854 0.175926 0.036458 0.350000
0 0.606510 0.184722 0.041146 0.367593
