3 0.364844 0.744907 0.139063 0.419444
2 0.236979 0.259259 0.050000 0.055556
2 0.475781 0.301389 0.056771 0.080556
2 0.765625 0.405556 0.064583 0.077778
2 0.840885 0.432407 0.039062 0.075926
2 0.902604 0.469444 0.041667 0.062963
1 0.242708 0.311111 0.044792 0.081481
1 0.473958 0.475463 0.063542 0.319444
1 0.589063 0.183796 0.082292 0.365741
1 0.704948 0.220370 0.115104 0.438889
0 0.457031 0.473611 0.031771 0.319444
0 0.495312 0.481944 0.020833 0.308333
0 0.563802 0.173611 0.031771 0.345370
0 0.610156 0.183796 0.039062 0.365741
