2 0.823958 0.431944 0.058333 0.075000
2 0.887240 0.455556 0.035937 0.068519
1 0.555208 0.202315 0.080208 0.402778
1 0.671094 0.193519 0.092188 0.385185
0 0.530208 0.201852 0.030208 0.401852
0 0.574479 0.193519 0.042708 0.385185
2 0.734115 0.386574 0.032813 0.060185
3 0.343490 0.575926 0.136979 0.462963
2 0.449219 0.300463 0.079687 0.080556
1 0.271354 0.160185 0.078125 0.318519
1 0.454427 0.469907 0.066146 0.321296
0 0.473438 0.472685 0.027083 0.310185
0 0.437760 0.467130 0.031771 0.317593
2 0.174219 0.167593 0.051562 0.033333
