2 0.172917 0.130556 0.051042 0.042593
2 0.447396 0.288889 0.060417 0.092593
2 0.745833 0.391204 0.085417 0.100926
2 0.820573 0.425000 0.041146 0.070370
2 0.886458 0.450926 0.047917 0.079630
3 0.382292 0.581944 0.165625 0.426852
0 0.430990 0.473148 0.032813 0.337037
0 0.468490 0.483796 0.019271 0.345370
0 0.525521 0.194444 0.027083 0.387037
0 0.571615 0.198611 0.032813 0.395370
1 0.447656 0.483796 0.064062 0.350926
1 0.193229 0.250926 0.069792 0.225926
1 0.663802 0.196759 0.095312 0.391667
1 0.549740 0.197685 0.078646 0.393519
