2 0.225000 0.237963 0.046875 0.055556
2 0.482292 0.254167 0.062500 0.080556
2 0.788542 0.418056 0.052083 0.071296
2 0.857812 0.443519 0.038542 0.072222
2 0.921875 0.455556 0.031250 0.051852
1 0.477083 0.455556 0.066667 0.368519
1 0.613542 0.185185 0.086458 0.368519
1 0.721615 0.362037 0.111979 0.327778
0 0.460938 0.441667 0.034375 0.351852
0 0.498437 0.456944 0.023958 0.363889
0 0.586719 0.180093 0.032813 0.358333
1 0.175521 0.143056 0.077083 0.284259
2 0.749740 0.218981 0.059896 0.058333
3 0.194792 0.878704 0.154167 0.237037
2 0.380469 0.048611 0.088021 0.041667
