3 0.359115 0.766667 0.147396 0.359259
2 0.216146 0.230093 0.046875 0.062037
2 0.465885 0.294444 0.054688 0.096296
2 0.755208 0.396296 0.066667 0.085185
2 0.832552 0.430556 0.041146 0.075926
2 0.896615 0.458796 0.045312 0.073148
1 0.222135 0.303241 0.049479 0.125000
1 0.461979 0.470833 0.060417 0.313889
1 0.573958 0.183333 0.083333 0.364815
1 0.686458 0.194444 0.097917 0.387037
0 0.448437 0.468056 0.032292 0.306481
0 0.480208 0.474074 0.020833 0.305556
0 0.547656 0.176389 0.032813 0.350926
0 0.596354 0.182407 0.036458 0.362963
