2 0.223958 0.230093 0.046875 0.056481
2 0.482292 0.244907 0.062500 0.080556
2 0.791146 0.417130 0.051042 0.071296
2 0.859115 0.443056 0.043229 0.071296
1 0.477865 0.437963 0.069271 0.381481
1 0.615365 0.183333 0.085938 0.364815
0 0.462500 0.429167 0.034375 0.362037
0 0.500260 0.446296 0.023438 0.364815
0 0.588542 0.180093 0.033333 0.358333
1 0.176042 0.143056 0.077083 0.284259
2 0.748958 0.245370 0.062500 0.059259
3 0.268490 0.848611 0.260937 0.302778
0 0.270313 0.817593 0.101042 0.203704
2 0.382812 0.071296 0.090625 0.038889
