3 0.386719 0.551389 0.113021 0.460185
2 0.105729 0.227778 0.035417 0.064815
2 0.428646 0.273611 0.051042 0.087963
2 0.727083 0.375926 0.046875 0.077778
2 0.806510 0.425000 0.045312 0.070370
2 0.873177 0.453241 0.054688 0.058333
1 0.644010 0.201852 0.096354 0.346296
1 0.507812 0.331944 0.066667 0.354630
1 0.331250 0.161111 0.085417 0.296296
0 0.353385 0.170370 0.045312 0.283333
0 0.457031 0.520370 0.024479 0.157407
0 0.487760 0.327778 0.025521 0.340741
0 0.532031 0.340741 0.024479 0.333333
0 0.615885 0.198611 0.040104 0.345370
0 0.666667 0.207407 0.040625 0.325926
