3 0.367969 0.752778 0.140104 0.385185
2 0.231510 0.252315 0.050521 0.054630
2 0.471354 0.293519 0.058333 0.096296
2 0.760938 0.400926 0.065625 0.081481
2 0.836719 0.431481 0.042188 0.075926
2 0.899740 0.467593 0.045312 0.064815
1 0.236979 0.312963 0.045833 0.092593
1 0.468490 0.473611 0.059896 0.321296
1 0.580729 0.185185 0.085417 0.368519
1 0.694271 0.204630 0.104167 0.407407
0 0.454427 0.468056 0.032813 0.310185
0 0.487760 0.479167 0.020313 0.313889
0 0.557031 0.176852 0.036979 0.351852
0 0.604427 0.183796 0.038021 0.365741
