3 0.351562 0.559259 0.140625 0.429630
2 0.114583 0.242130 0.028125 0.065741
2 0.216927 0.182870 0.048438 0.063889
2 0.394010 0.147685 0.070312 0.062037
2 0.489844 0.191204 0.084896 0.067593
2 0.734115 0.315278 0.047396 0.075000
1 0.625781 0.183333 0.075521 0.338889
1 0.484635 0.468519 0.057813 0.296296
1 0.402604 0.426852 0.077083 0.292593
1 0.319271 0.152778 0.079167 0.300000
0 0.385156 0.409259 0.038021 0.262963
0 0.427083 0.427315 0.036458 0.297222
0 0.463021 0.461574 0.030208 0.287963
0 0.501302 0.470833 0.023438 0.284259
0 0.600000 0.183796 0.035417 0.337963
0 0.646875 0.199074 0.037500 0.324074
