3 0.365104 0.812037 0.156250 0.322222
2 0.209896 0.222222 0.051042 0.051852
2 0.461979 0.293519 0.060417 0.096296
2 0.753125 0.395370 0.069792 0.098148
2 0.830208 0.430093 0.042708 0.080556
2 0.894010 0.456481 0.045312 0.079630
1 0.215885 0.296759 0.054688 0.137963
1 0.463281 0.475000 0.067187 0.331481
1 0.568229 0.185185 0.082292 0.368519
1 0.680729 0.197685 0.101042 0.393519
0 0.447135 0.461574 0.034896 0.299074
0 0.483854 0.481481 0.027083 0.314815
0 0.543750 0.177778 0.033333 0.353704
0 0.592708 0.183333 0.035417 0.364815
