2 0.203385 0.081944 0.047396 0.030556
2 0.512240 0.067593 0.079687 0.046296
2 0.802865 0.416204 0.058854 0.078704
2 0.871615 0.444444 0.036979 0.070370
1 0.504687 0.305093 0.086458 0.502778
1 0.642188 0.187963 0.089583 0.374074
0 0.478646 0.293519 0.032292 0.483333
0 0.527865 0.306481 0.036979 0.488889
0 0.616146 0.172685 0.037500 0.343519
1 0.186198 0.162037 0.076563 0.322222
2 0.725000 0.370370 0.043750 0.079630
3 0.401042 0.594444 0.126042 0.551852
2 0.416667 0.244907 0.082292 0.075000
0 0.449740 0.412500 0.035937 0.306481
1 0.221094 0.217593 0.076563 0.277778
