3 0.348177 0.546759 0.155729 0.425000
2 0.110156 0.245370 0.028646 0.055556
2 0.210417 0.093981 0.059375 0.043519
2 0.416406 0.242130 0.068229 0.089815
2 0.508333 0.077315 0.094792 0.067593
2 0.722135 0.380093 0.050521 0.069444
2 0.803646 0.419444 0.042708 0.074074
2 0.870313 0.446759 0.055208 0.058333
1 0.637760 0.189352 0.093229 0.358333
1 0.495833 0.378704 0.072917 0.353704
1 0.325000 0.156944 0.088542 0.312037
0 0.345313 0.160648 0.054167 0.297222
0 0.445052 0.507407 0.030729 0.198148
0 0.475521 0.369907 0.035417 0.330556
0 0.520833 0.384259 0.033333 0.329630
0 0.613281 0.193056 0.038021 0.354630
0 0.663802 0.192130 0.044271 0.350926
