2 0.817969 0.428241 0.057813 0.075000
2 0.884115 0.454630 0.035937 0.068519
1 0.540365 0.224537 0.078646 0.447222
1 0.663542 0.194907 0.091667 0.387963
0 0.515625 0.207407 0.025000 0.412963
0 0.561458 0.224537 0.037500 0.447222
1 0.186719 0.227778 0.079687 0.251852
2 0.729688 0.383796 0.032292 0.062037
3 0.344010 0.575926 0.136979 0.462963
2 0.442708 0.295370 0.079167 0.081481
1 0.258333 0.171296 0.082292 0.340741
1 0.446875 0.470370 0.066667 0.333333
0 0.465625 0.473611 0.026042 0.315741
0 0.429948 0.471296 0.031771 0.329630
2 0.161719 0.100926 0.051562 0.035185
