3 0.403385 0.531944 0.083854 0.432407
2 0.100521 0.230556 0.042708 0.051852
2 0.427865 0.281481 0.061979 0.074074
2 0.725521 0.383333 0.047917 0.068519
2 0.809375 0.421759 0.046875 0.065741
2 0.877083 0.453241 0.046875 0.063889
1 0.648698 0.206019 0.095312 0.362037
1 0.514323 0.312500 0.076563 0.352778
1 0.331250 0.159722 0.085417 0.317593
0 0.623698 0.194907 0.045312 0.350926
0 0.669792 0.203704 0.042708 0.346296
0 0.541146 0.315278 0.033333 0.358333
0 0.492448 0.302778 0.032813 0.346296
0 0.462240 0.552778 0.030729 0.137037
0 0.350781 0.168056 0.047396 0.302778
0 0.317188 0.167130 0.050000 0.284259
