3 0.398438 0.564815 0.125000 0.412963
2 0.233073 0.257870 0.045312 0.071296
2 0.472135 0.299074 0.044271 0.083333
2 0.837500 0.430556 0.042708 0.070370
2 0.898958 0.460185 0.042708 0.061111
1 0.697135 0.220833 0.090104 0.341667
1 0.586979 0.193519 0.083333 0.329630
1 0.290885 0.161111 0.083854 0.285185
1 0.373177 0.176389 0.068229 0.282407
0 0.562500 0.196296 0.033333 0.331481
0 0.607292 0.205093 0.033333 0.321296
0 0.671354 0.223148 0.052083 0.340741
0 0.717708 0.237500 0.059375 0.326852
0 0.358333 0.718981 0.020833 0.182407
0 0.472917 0.637500 0.014583 0.193519
