3 0.403385 0.506019 0.090104 0.419444
2 0.097396 0.227315 0.033333 0.058333
2 0.430729 0.288889 0.060417 0.075926
2 0.726302 0.373611 0.034896 0.073148
2 0.808333 0.415741 0.048958 0.075926
2 0.877865 0.449537 0.050521 0.063889
1 0.649740 0.204167 0.090104 0.358333
1 0.518750 0.282870 0.075000 0.367593
1 0.333333 0.162037 0.082292 0.296296
0 0.462240 0.568519 0.031771 0.205556
0 0.495573 0.279630 0.027604 0.335185
0 0.543750 0.294444 0.028125 0.346296
0 0.627344 0.202778 0.038021 0.325926
0 0.673698 0.215741 0.040104 0.314815
