3 0.366667 0.575463 0.130208 0.439815
2 0.105208 0.230556 0.032292 0.053704
2 0.429167 0.274537 0.073958 0.069444
2 0.727344 0.379630 0.040104 0.074074
2 0.807031 0.415741 0.043229 0.066667
2 0.875781 0.447222 0.035937 0.081481
1 0.645833 0.195833 0.095833 0.349074
1 0.518750 0.318519 0.078125 0.331481
1 0.436198 0.506944 0.064062 0.237963
1 0.331250 0.162500 0.076042 0.315741
0 0.349740 0.158796 0.043229 0.286111
0 0.455469 0.512963 0.044271 0.218519
0 0.496094 0.311111 0.023438 0.320370
0 0.537760 0.323611 0.028646 0.319444
0 0.618229 0.192130 0.039583 0.341667
0 0.667969 0.204167 0.036979 0.330556
