3 0.376042 0.834259 0.138542 0.322222
2 0.202083 0.202778 0.045833 0.066667
2 0.459115 0.291204 0.057813 0.097222
2 0.751563 0.392593 0.069792 0.098148
2 0.828906 0.427315 0.042188 0.080556
2 0.893229 0.456481 0.045833 0.079630
1 0.211198 0.293981 0.056771 0.147222
1 0.462240 0.475463 0.066146 0.328704
1 0.565625 0.186111 0.083333 0.370370
1 0.678385 0.197685 0.099479 0.393519
0 0.446615 0.469444 0.036979 0.312963
0 0.482292 0.478704 0.027083 0.318519
0 0.541406 0.178241 0.033854 0.354630
0 0.590104 0.185648 0.034375 0.369444
