3 0.438021 0.529167 0.107292 0.450926
2 0.235937 0.261111 0.057292 0.072222
2 0.480469 0.300000 0.046354 0.075926
2 0.837760 0.432870 0.051562 0.073148
2 0.900521 0.463426 0.046875 0.067593
1 0.703385 0.243981 0.090104 0.352778
1 0.589323 0.196759 0.085938 0.349074
1 0.367708 0.170370 0.085417 0.316667
1 0.293229 0.156944 0.079167 0.293519
0 0.679427 0.250463 0.045312 0.337963
0 0.724219 0.255093 0.048438 0.328704
0 0.609896 0.198611 0.038542 0.345370
0 0.563542 0.190278 0.031250 0.323148
0 0.496094 0.578704 0.015104 0.125926
