2 0.210938 0.029630 0.048958 0.037037
2 0.517188 0.010185 0.077083 0.018519
2 0.809375 0.420833 0.058333 0.078704
2 0.876823 0.450000 0.036979 0.070370
1 0.516927 0.255093 0.084896 0.508333
1 0.646615 0.190278 0.093229 0.378704
0 0.490365 0.243056 0.030729 0.484259
0 0.540104 0.254630 0.037500 0.507407
1 0.186719 0.168519 0.077604 0.335185
2 0.725781 0.378704 0.039062 0.075926
3 0.375521 0.604167 0.190625 0.536111
2 0.433333 0.281944 0.077083 0.080556
1 0.226042 0.192130 0.080208 0.336111
1 0.436719 0.442593 0.070312 0.305556
0 0.458073 0.445833 0.028646 0.302778
0 0.422135 0.443056 0.043229 0.306481
