3 0.407813 0.523611 0.100000 0.458333
2 0.098698 0.226389 0.036979 0.049074
2 0.433333 0.282870 0.055208 0.076852
2 0.722135 0.383796 0.046354 0.075000
2 0.808854 0.421296 0.043750 0.064815
2 0.876823 0.454167 0.046354 0.056481
1 0.645833 0.205556 0.084375 0.353704
1 0.516667 0.297222 0.083333 0.362963
1 0.330469 0.172222 0.080729 0.287037
0 0.466667 0.548148 0.039583 0.157407
0 0.491406 0.289815 0.025521 0.351852
0 0.542708 0.313889 0.034375 0.359259
0 0.629687 0.197685 0.043750 0.339815
0 0.671615 0.202315 0.035937 0.330556
