2 0.813281 0.421759 0.058854 0.075000
2 0.880469 0.450000 0.036979 0.068519
1 0.528125 0.239815 0.078125 0.477778
1 0.652865 0.193981 0.094271 0.386111
0 0.503385 0.224074 0.026562 0.446296
0 0.548177 0.238889 0.041146 0.475926
1 0.183073 0.197685 0.083854 0.323148
2 0.727083 0.382407 0.039583 0.068519
3 0.350781 0.565741 0.152604 0.459259
2 0.439844 0.293519 0.078646 0.081481
1 0.242969 0.185185 0.090104 0.368519
1 0.442969 0.468519 0.068229 0.348148
0 0.468750 0.473611 0.030208 0.319444
0 0.430469 0.458796 0.043229 0.319444
2 0.165104 0.052778 0.051042 0.035185
