2 0.816406 0.427315 0.057813 0.075000
2 0.882292 0.451852 0.036458 0.068519
1 0.538021 0.235185 0.079167 0.468519
1 0.660937 0.196296 0.091667 0.390741
0 0.511458 0.222685 0.026042 0.443519
0 0.558333 0.235185 0.038542 0.468519
1 0.185156 0.219907 0.082812 0.276852
2 0.727344 0.379630 0.036979 0.070370
3 0.345313 0.572222 0.134375 0.468519
2 0.440885 0.294444 0.078646 0.081481
1 0.254688 0.181944 0.083333 0.362037
1 0.444792 0.457870 0.067708 0.302778
0 0.464062 0.463426 0.026042 0.293519
0 0.430208 0.460648 0.034375 0.306481
2 0.162240 0.086111 0.051562 0.035185
