2 0.205990 0.095833 0.049479 0.043519
2 0.510417 0.073148 0.081250 0.044444
2 0.800260 0.419444 0.067187 0.074074
2 0.872656 0.445370 0.036979 0.070370
1 0.502865 0.305093 0.085938 0.502778
1 0.640104 0.187963 0.089583 0.374074
0 0.477604 0.296296 0.032292 0.483333
0 0.527344 0.313889 0.036979 0.488889
0 0.613542 0.172685 0.037500 0.343519
1 0.184896 0.140741 0.077083 0.279630
2 0.725000 0.369444 0.043750 0.079630
3 0.393490 0.590741 0.127604 0.564815
2 0.416406 0.246759 0.081771 0.075000
0 0.446615 0.429630 0.029687 0.338889
1 0.220312 0.223611 0.072917 0.273148
