3 0.387500 0.575463 0.128125 0.413889
2 0.228385 0.258796 0.052604 0.076852
2 0.469792 0.303704 0.059375 0.083333
2 0.839844 0.436111 0.035937 0.066667
2 0.898958 0.463426 0.040625 0.075000
1 0.698177 0.216667 0.097396 0.368519
1 0.585938 0.193981 0.083333 0.336111
1 0.290625 0.158333 0.076042 0.296296
0 0.559896 0.188426 0.037500 0.332407
0 0.606771 0.199074 0.037500 0.333333
0 0.670052 0.213426 0.046354 0.350926
0 0.717448 0.213889 0.045312 0.340741
0 0.349740 0.724537 0.014063 0.225000
0 0.459115 0.641204 0.020313 0.175000
