2 0.177604 0.150926 0.051042 0.042593
2 0.449479 0.292593 0.060417 0.092593
2 0.744792 0.390278 0.085417 0.100926
2 0.821615 0.425926 0.041146 0.070370
2 0.886979 0.452778 0.047917 0.079630
3 0.394010 0.635185 0.182812 0.457407
0 0.433594 0.486111 0.032813 0.337037
0 0.469531 0.490278 0.019271 0.345370
0 0.525521 0.194444 0.027083 0.387037
0 0.571615 0.198611 0.032813 0.395370
1 0.449740 0.488426 0.064062 0.350926
1 0.193750 0.252778 0.069792 0.225926
1 0.665625 0.196296 0.096875 0.390741
1 0.549740 0.197685 0.078646 0.393519
