2 0.820833 0.429167 0.058333 0.075000
2 0.885938 0.456481 0.035417 0.068519
1 0.547656 0.208333 0.082812 0.414815
1 0.669010 0.193519 0.092188 0.385185
0 0.522656 0.202315 0.030729 0.402778
0 0.567708 0.208333 0.040625 0.414815
1 0.189062 0.239815 0.075000 0.233333
2 0.731771 0.380093 0.036458 0.069444
3 0.343490 0.575926 0.136979 0.462963
2 0.447656 0.300000 0.079687 0.081481
1 0.263021 0.164815 0.082292 0.327778
1 0.451302 0.477315 0.065104 0.336111
0 0.469531 0.480556 0.029687 0.325926
0 0.439063 0.470370 0.039583 0.324074
2 0.166667 0.129167 0.051042 0.034259
