3 0.362500 0.755093 0.139583 0.378704
2 0.218229 0.232407 0.048958 0.059259
2 0.466406 0.293519 0.054688 0.096296
2 0.757812 0.399074 0.065625 0.081481
2 0.834635 0.431481 0.041146 0.075926
2 0.897135 0.462500 0.045312 0.069444
1 0.225781 0.306481 0.051562 0.114815
1 0.463021 0.473611 0.061458 0.321296
1 0.573958 0.186574 0.083333 0.371296
1 0.687500 0.198611 0.098958 0.395370
0 0.450260 0.470370 0.034896 0.311111
0 0.483073 0.475926 0.021354 0.309259
0 0.548698 0.185648 0.033854 0.369444
0 0.597135 0.182870 0.035937 0.363889
