2 0.821354 0.430093 0.058333 0.075000
2 0.885938 0.455556 0.035417 0.068519
1 0.548438 0.207870 0.082292 0.413889
1 0.669010 0.193519 0.092188 0.385185
0 0.523177 0.202315 0.030729 0.402778
0 0.568229 0.207870 0.040625 0.413889
1 0.190365 0.243519 0.071354 0.225926
2 0.731771 0.380093 0.036458 0.069444
3 0.343490 0.575926 0.136979 0.462963
2 0.447917 0.300463 0.079167 0.080556
1 0.264583 0.164815 0.082292 0.327778
1 0.448437 0.467593 0.060417 0.316667
0 0.469271 0.473611 0.021875 0.312037
0 0.440104 0.468519 0.040625 0.312963
2 0.166667 0.136574 0.051042 0.034259
