3 0.388542 0.815741 0.128125 0.335185
2 0.196094 0.195370 0.046354 0.057407
2 0.456510 0.293056 0.059896 0.095370
2 0.750000 0.394444 0.069792 0.098148
2 0.826562 0.426389 0.042708 0.080556
2 0.891406 0.456481 0.046354 0.079630
1 0.209375 0.291667 0.061458 0.153704
1 0.458594 0.475926 0.066146 0.333333
1 0.563802 0.193056 0.082812 0.384259
1 0.677083 0.197685 0.094792 0.393519
0 0.442969 0.472685 0.039062 0.328704
0 0.477604 0.480093 0.027083 0.319444
0 0.539323 0.178704 0.033854 0.355556
0 0.588542 0.187963 0.034375 0.374074
