3 0.279427 0.727778 0.133854 0.429630
2 0.439063 0.289352 0.067708 0.087963
2 0.728125 0.373148 0.048958 0.070370
2 0.815625 0.419907 0.051042 0.075000
2 0.881250 0.448611 0.059375 0.067593
1 0.657031 0.204630 0.093229 0.346296
1 0.530208 0.239815 0.076042 0.381481
1 0.344010 0.175000 0.081771 0.288889
0 0.243750 0.772222 0.062500 0.164815
0 0.382292 0.774074 0.059375 0.131481
0 0.511198 0.244907 0.033854 0.389815
0 0.555208 0.249537 0.039583 0.378704
0 0.630990 0.208796 0.042188 0.330556
0 0.680469 0.213889 0.043229 0.320370
