3 0.364063 0.665741 0.130208 0.485185
2 0.224479 0.242593 0.048958 0.075926
2 0.470313 0.296759 0.058333 0.086111
2 0.838802 0.429630 0.048438 0.062963
2 0.898438 0.454167 0.045833 0.078704
1 0.693229 0.216667 0.090625 0.350000
1 0.580469 0.197685 0.079687 0.334259
1 0.288802 0.153241 0.082812 0.304630
1 0.369792 0.179167 0.070833 0.326852
0 0.557813 0.188426 0.031250 0.332407
0 0.599479 0.193519 0.038542 0.335185
0 0.666667 0.216667 0.046875 0.344444
0 0.706510 0.228241 0.053646 0.326852
0 0.351302 0.778704 0.018229 0.137037
