3 0.104167 0.981019 0.101042 0.036111
2 0.232813 0.259259 0.050000 0.055556
2 0.479167 0.285185 0.062500 0.081481
2 0.786458 0.412037 0.048958 0.075926
2 0.852083 0.437500 0.041667 0.080556
2 0.909115 0.467593 0.042188 0.062963
1 0.473177 0.473611 0.065104 0.360185
1 0.607812 0.185185 0.086458 0.368519
1 0.723698 0.308796 0.123438 0.389815
0 0.457292 0.456481 0.030208 0.329630
0 0.494531 0.479630 0.021354 0.344444
0 0.582031 0.168056 0.035937 0.334259
1 0.175000 0.143056 0.081250 0.284259
2 0.753385 0.125926 0.063021 0.046296
