3 0.346875 0.811111 0.171875 0.375926
2 0.239063 0.258796 0.050000 0.056481
2 0.475260 0.300463 0.056771 0.080556
2 0.769531 0.406481 0.064062 0.077778
2 0.844010 0.431481 0.039062 0.075926
2 0.904687 0.468519 0.042708 0.062963
1 0.472135 0.473611 0.059896 0.321296
1 0.593490 0.184259 0.082812 0.366667
1 0.712240 0.235185 0.120313 0.468519
0 0.455990 0.469444 0.029687 0.316667
0 0.490885 0.480093 0.021354 0.312037
0 0.568490 0.172685 0.032813 0.343519
0 0.615885 0.184259 0.039062 0.366667
1 0.172656 0.143519 0.072396 0.285185
