3 0.193229 0.958796 0.132292 0.082407
2 0.237500 0.260648 0.050000 0.056481
2 0.476302 0.304167 0.056771 0.080556
2 0.782813 0.408333 0.048958 0.075926
2 0.849219 0.434722 0.041146 0.078704
2 0.908854 0.468519 0.042708 0.062963
1 0.472917 0.474537 0.063542 0.332407
1 0.601302 0.185185 0.085938 0.368519
1 0.720313 0.272222 0.127083 0.446296
0 0.457813 0.468519 0.033333 0.320370
0 0.493490 0.479630 0.021354 0.320370
0 0.576562 0.168519 0.036458 0.335185
1 0.172917 0.141667 0.081250 0.281481
2 0.753385 0.067130 0.063021 0.045370
