2 0.812240 0.424074 0.051562 0.072222
2 0.882031 0.452778 0.036979 0.068519
1 0.533854 0.235185 0.080208 0.468519
1 0.657813 0.194444 0.094792 0.387037
0 0.508073 0.222685 0.026562 0.443519
0 0.555208 0.235185 0.039583 0.468519
1 0.183073 0.212037 0.083854 0.290741
2 0.727344 0.379630 0.036979 0.070370
3 0.345573 0.570833 0.135937 0.458333
2 0.440365 0.295370 0.078646 0.081481
1 0.250521 0.183796 0.083333 0.365741
1 0.446875 0.466204 0.068750 0.330556
0 0.466667 0.470833 0.028125 0.319444
0 0.434115 0.456019 0.042188 0.312037
2 0.163542 0.071296 0.051042 0.035185
