2 0.215365 0.200000 0.046354 0.044444
2 0.490104 0.199537 0.064583 0.075000
2 0.791667 0.414815 0.062500 0.072222
2 0.862760 0.442593 0.039062 0.072222
1 0.484375 0.408796 0.075000 0.410185
1 0.624219 0.188426 0.088021 0.375000
0 0.462240 0.401852 0.033854 0.398148
0 0.506250 0.414815 0.030208 0.401852
0 0.597917 0.172685 0.037500 0.343519
1 0.178906 0.142593 0.076563 0.283333
2 0.735938 0.302315 0.051042 0.082407
3 0.362500 0.706944 0.194792 0.489815
2 0.391146 0.137963 0.085417 0.055556
0 0.434375 0.732407 0.025000 0.275926
0 0.299740 0.843056 0.041146 0.173148
