3 0.217708 0.943056 0.156250 0.113889
2 0.239063 0.261574 0.050000 0.056481
2 0.476302 0.303241 0.056771 0.080556
2 0.782031 0.408333 0.048438 0.075926
2 0.848437 0.435185 0.038542 0.075926
2 0.907813 0.469444 0.042708 0.062963
1 0.473438 0.480093 0.063542 0.332407
1 0.600260 0.185185 0.085938 0.368519
1 0.719531 0.259722 0.128646 0.458333
0 0.457552 0.468519 0.032813 0.320370
0 0.493229 0.482870 0.023958 0.323148
0 0.575521 0.169444 0.036458 0.337037
1 0.173437 0.142130 0.081250 0.282407
2 0.751042 0.047685 0.067708 0.049074
