3 0.338542 0.554167 0.125000 0.432407
2 0.116927 0.250463 0.027604 0.056481
2 0.211458 0.156944 0.060417 0.080556
2 0.403125 0.180556 0.076042 0.075926
2 0.497396 0.149537 0.072917 0.073148
2 0.732292 0.342130 0.039583 0.091667
2 0.797396 0.411111 0.034375 0.075926
2 0.865104 0.435185 0.042708 0.079630
1 0.319271 0.158796 0.079167 0.315741
1 0.412760 0.456019 0.074479 0.258333
1 0.488021 0.437037 0.060417 0.281481
1 0.625000 0.190741 0.085417 0.361111
0 0.648698 0.200463 0.033854 0.341667
0 0.602083 0.195833 0.036458 0.334259
0 0.508854 0.438426 0.017708 0.286111
0 0.468750 0.440741 0.025000 0.259259
0 0.429948 0.458796 0.051562 0.245370
