3 0.284635 0.919907 0.230729 0.160185
2 0.239063 0.260185 0.050000 0.055556
2 0.475781 0.301389 0.056771 0.080556
2 0.781510 0.406481 0.048438 0.075926
2 0.847135 0.434259 0.039062 0.075926
2 0.907813 0.469444 0.042708 0.062963
1 0.473177 0.480093 0.064062 0.332407
1 0.598177 0.185185 0.086979 0.368519
1 0.715885 0.245370 0.127604 0.485185
0 0.457813 0.469444 0.033333 0.320370
0 0.493490 0.483796 0.023438 0.323148
0 0.572656 0.170833 0.036979 0.339815
1 0.170833 0.142593 0.082292 0.283333
2 0.750260 0.038889 0.067187 0.046296
