3 0.348177 0.560648 0.133854 0.432407
2 0.114062 0.247222 0.029167 0.053704
2 0.215625 0.153241 0.050000 0.062037
2 0.406250 0.181481 0.069792 0.090741
2 0.495573 0.148611 0.086979 0.075000
2 0.726302 0.340741 0.043229 0.074074
2 0.797917 0.406944 0.048958 0.078704
2 0.868229 0.443981 0.044792 0.069444
1 0.627865 0.200463 0.080729 0.302778
0 0.606250 0.206944 0.039583 0.300926
0 0.651823 0.215278 0.047396 0.297222
0 0.510417 0.439352 0.017708 0.287963
0 0.468229 0.431944 0.023958 0.267593
0 0.427083 0.455093 0.041667 0.275000
1 0.489583 0.438426 0.075000 0.284259
1 0.419010 0.452315 0.057813 0.276852
1 0.321875 0.165278 0.082292 0.308333
