3 0.360417 0.569444 0.120833 0.450000
2 0.102604 0.240741 0.030208 0.048148
2 0.423438 0.271759 0.077083 0.060185
2 0.726302 0.383333 0.036979 0.075926
2 0.805469 0.413426 0.058854 0.065741
2 0.873958 0.448148 0.036458 0.061111
1 0.640885 0.198148 0.084896 0.325926
1 0.517188 0.320833 0.078125 0.334259
1 0.433594 0.504167 0.073438 0.237963
1 0.330990 0.162500 0.072396 0.304630
0 0.455469 0.509722 0.035937 0.215741
0 0.351302 0.168519 0.052604 0.296296
0 0.489583 0.321296 0.031250 0.320370
0 0.534896 0.326852 0.033333 0.316667
0 0.615885 0.204167 0.035937 0.323148
0 0.665625 0.203241 0.039583 0.321296
