3 0.395052 0.728241 0.155729 0.473148
2 0.186458 0.170370 0.051042 0.055556
2 0.453385 0.291204 0.057813 0.097222
2 0.746354 0.390741 0.069792 0.098148
2 0.824740 0.424074 0.042188 0.081481
2 0.889062 0.453241 0.047917 0.080556
1 0.199740 0.276852 0.069271 0.183333
1 0.457552 0.471759 0.068229 0.323148
1 0.556250 0.191204 0.081250 0.380556
1 0.669271 0.194907 0.092708 0.387963
0 0.445573 0.461111 0.041146 0.301852
0 0.476302 0.474537 0.030729 0.317593
0 0.531510 0.169907 0.032813 0.337963
0 0.577865 0.192130 0.039062 0.382407
