3 0.389844 0.765278 0.131771 0.349074
2 0.193490 0.188889 0.051562 0.055556
2 0.454688 0.292593 0.058333 0.094444
2 0.748437 0.391667 0.069792 0.098148
2 0.826562 0.424537 0.042708 0.080556
2 0.890885 0.456481 0.046354 0.079630
1 0.203646 0.284259 0.062500 0.164815
1 0.456771 0.475463 0.063542 0.332407
1 0.561979 0.193056 0.083333 0.384259
1 0.672917 0.194444 0.100000 0.387037
0 0.440885 0.468981 0.031771 0.319444
0 0.475260 0.480556 0.025521 0.320370
0 0.536979 0.178241 0.033333 0.354630
0 0.586979 0.188426 0.034375 0.375000
