2 0.173437 0.142593 0.051042 0.042593
2 0.447396 0.290741 0.060417 0.092593
2 0.745052 0.390741 0.078646 0.100000
2 0.821615 0.427778 0.042188 0.072222
2 0.887240 0.450926 0.047396 0.075926
3 0.390104 0.606944 0.182292 0.426852
0 0.430990 0.473148 0.032813 0.337037
0 0.468490 0.483796 0.019271 0.345370
0 0.525521 0.194444 0.027083 0.387037
0 0.571615 0.198611 0.032813 0.395370
1 0.446615 0.484722 0.064062 0.350926
1 0.191927 0.257870 0.070312 0.212037
1 0.665885 0.196759 0.095312 0.391667
1 0.550781 0.197685 0.078646 0.393519
