2 0.230208 0.254630 0.046875 0.053704
2 0.479167 0.281019 0.062500 0.080556
2 0.788542 0.410185 0.048958 0.075926
2 0.854688 0.440741 0.038542 0.072222
2 0.913542 0.459259 0.035417 0.061111
1 0.474740 0.468056 0.065104 0.363889
1 0.609115 0.184259 0.083854 0.366667
1 0.727344 0.330556 0.125521 0.353704
0 0.459896 0.454630 0.033333 0.342593
0 0.495312 0.471296 0.023958 0.355556
0 0.585417 0.167593 0.035417 0.333333
1 0.180469 0.141204 0.076563 0.280556
2 0.754167 0.170833 0.063542 0.043519
2 0.377604 0.012500 0.090625 0.023148
