3 0.350260 0.555093 0.136979 0.428704
2 0.113542 0.245833 0.027083 0.047222
2 0.210938 0.112963 0.041667 0.051852
2 0.411198 0.229167 0.068229 0.091667
2 0.506771 0.105556 0.085417 0.057407
2 0.723958 0.369444 0.057292 0.083333
2 0.801562 0.411111 0.050000 0.085185
2 0.870833 0.447685 0.046875 0.062037
1 0.635156 0.193519 0.084896 0.366667
1 0.492969 0.406481 0.075521 0.337037
1 0.327344 0.153241 0.086979 0.299074
0 0.610156 0.192593 0.041146 0.346296
0 0.654687 0.194444 0.041667 0.342593
0 0.513802 0.404167 0.028646 0.317593
0 0.473698 0.396759 0.035937 0.323148
0 0.435677 0.480556 0.036979 0.257407
0 0.348958 0.162500 0.053125 0.287963
0 0.307292 0.163889 0.053125 0.277778
