3 0.342708 0.567593 0.150000 0.429630
2 0.111458 0.231944 0.026042 0.063889
2 0.423177 0.251852 0.079687 0.088889
2 0.727604 0.372685 0.043750 0.073148
2 0.800781 0.419907 0.049479 0.071296
2 0.871354 0.443519 0.045833 0.075926
1 0.638802 0.194907 0.090104 0.352778
1 0.503125 0.352778 0.065625 0.327778
1 0.429427 0.500000 0.079687 0.227778
1 0.328906 0.158796 0.079687 0.302778
0 0.662760 0.204167 0.046354 0.349074
0 0.613021 0.196759 0.038542 0.328704
0 0.527083 0.361111 0.023958 0.301852
0 0.484115 0.354167 0.020313 0.310185
0 0.445312 0.500463 0.036458 0.215741
0 0.411458 0.501852 0.031250 0.198148
