3 0.318229 0.683333 0.142708 0.468519
2 0.444271 0.292130 0.060417 0.097222
2 0.730208 0.377778 0.041667 0.064815
2 0.816667 0.421759 0.045833 0.078704
2 0.880469 0.450463 0.055729 0.076852
1 0.654427 0.207870 0.089063 0.339815
1 0.533073 0.253704 0.081771 0.368519
1 0.339323 0.166667 0.075521 0.305556
0 0.399740 0.673148 0.045312 0.137037
0 0.282031 0.745370 0.052604 0.188889
0 0.507552 0.250000 0.028646 0.375926
0 0.557552 0.250000 0.038021 0.361111
0 0.629948 0.208796 0.043229 0.323148
0 0.679427 0.218056 0.039062 0.306481
