3 0.344271 0.561574 0.146875 0.410185
2 0.109896 0.233796 0.038542 0.069444
2 0.421354 0.256944 0.072917 0.091667
2 0.727604 0.378704 0.043750 0.074074
2 0.807292 0.413889 0.041667 0.057407
2 0.876302 0.445370 0.036979 0.059259
1 0.639583 0.190741 0.076042 0.340741
1 0.511198 0.344444 0.076563 0.316667
1 0.434115 0.503704 0.059896 0.238889
1 0.326302 0.155556 0.084896 0.301852
0 0.343490 0.151852 0.051562 0.296296
0 0.453646 0.508333 0.033333 0.224074
0 0.413281 0.508796 0.036979 0.221296
0 0.485677 0.346296 0.023438 0.305556
0 0.532031 0.348611 0.027604 0.295370
0 0.615365 0.190278 0.031771 0.325000
0 0.657292 0.202315 0.037500 0.317593
