2 0.821094 0.430093 0.057813 0.075000
2 0.885938 0.455556 0.035417 0.068519
1 0.548698 0.202315 0.082812 0.402778
1 0.669531 0.193519 0.092188 0.385185
0 0.522917 0.202315 0.030208 0.402778
0 0.568490 0.193519 0.042188 0.385185
1 0.190104 0.245370 0.066667 0.207407
2 0.731771 0.380093 0.036458 0.069444
3 0.343490 0.575926 0.136979 0.462963
2 0.447917 0.300000 0.079167 0.081481
1 0.265104 0.164815 0.082292 0.327778
1 0.447917 0.467593 0.060417 0.316667
0 0.469271 0.472685 0.021875 0.312037
0 0.439583 0.468519 0.040625 0.312963
2 0.168229 0.143519 0.051042 0.033333
