2 0.811719 0.418056 0.058854 0.075000
2 0.878385 0.449537 0.036979 0.069444
1 0.523438 0.247685 0.082292 0.493519
1 0.652865 0.192130 0.090104 0.382407
0 0.497396 0.235185 0.029167 0.468519
0 0.546615 0.243519 0.036979 0.485185
1 0.183073 0.184259 0.077604 0.333333
2 0.727344 0.381019 0.034896 0.065741
3 0.338542 0.568519 0.139583 0.475926
2 0.437240 0.287037 0.078646 0.081481
1 0.235417 0.180556 0.082292 0.359259
1 0.439063 0.468056 0.065625 0.334259
0 0.459896 0.472222 0.023958 0.331481
0 0.424740 0.468519 0.035937 0.333333
