3 0.358594 0.554630 0.149479 0.420370
2 0.115104 0.242593 0.025000 0.044444
2 0.216927 0.135648 0.060937 0.054630
2 0.410156 0.196759 0.068229 0.093519
2 0.502083 0.125000 0.102083 0.057407
2 0.726302 0.355093 0.055729 0.087963
2 0.802865 0.405093 0.040104 0.089815
2 0.863281 0.449074 0.057813 0.059259
1 0.630208 0.189352 0.083333 0.336111
1 0.490885 0.422685 0.069271 0.315741
1 0.414583 0.473611 0.061458 0.263889
1 0.320833 0.162963 0.090625 0.309259
0 0.653646 0.201852 0.043750 0.338889
0 0.610677 0.194907 0.036979 0.332407
0 0.513281 0.432407 0.020313 0.303704
0 0.473438 0.413889 0.019792 0.292593
0 0.434635 0.484259 0.034896 0.264815
