3 0.368490 0.747222 0.138021 0.396296
2 0.232031 0.254167 0.050521 0.054630
2 0.472135 0.293519 0.057813 0.096296
2 0.762500 0.401852 0.065625 0.081481
2 0.837760 0.431481 0.042188 0.075926
2 0.900781 0.468519 0.045312 0.064815
1 0.237240 0.312037 0.045312 0.094444
1 0.469010 0.472685 0.059896 0.319444
1 0.582031 0.185185 0.085938 0.368519
1 0.697656 0.203241 0.100521 0.404630
0 0.455208 0.468056 0.033333 0.310185
0 0.488281 0.480093 0.020313 0.313889
0 0.557552 0.176389 0.036979 0.350926
0 0.605729 0.182870 0.038542 0.363889
