2 0.817969 0.428241 0.057813 0.075000
2 0.883854 0.453704 0.036458 0.068519
1 0.540104 0.235185 0.079167 0.468519
1 0.660417 0.195370 0.091667 0.388889
0 0.513021 0.222685 0.026042 0.443519
0 0.559896 0.235185 0.038542 0.468519
1 0.186979 0.227778 0.079167 0.251852
2 0.727344 0.379630 0.036979 0.070370
3 0.345313 0.573148 0.134375 0.468519
2 0.441667 0.294444 0.079167 0.081481
1 0.257292 0.171759 0.082292 0.341667
1 0.444531 0.471296 0.067187 0.333333
0 0.463542 0.474074 0.026042 0.314815
0 0.428385 0.472222 0.031771 0.329630
2 0.161719 0.097222 0.051562 0.035185
