2 0.228646 0.247685 0.046875 0.054630
2 0.479687 0.268519 0.062500 0.081481
2 0.787760 0.414352 0.052604 0.071296
2 0.855990 0.442593 0.039062 0.072222
2 0.917188 0.456481 0.033333 0.057407
1 0.476042 0.460648 0.066667 0.369444
1 0.612240 0.182407 0.082812 0.362963
1 0.724219 0.352778 0.119271 0.327778
0 0.460417 0.448611 0.035417 0.343519
0 0.497396 0.467593 0.023958 0.355556
0 0.588021 0.167593 0.035417 0.333333
1 0.174740 0.140278 0.076563 0.278704
2 0.753125 0.199537 0.062500 0.056481
3 0.168490 0.938426 0.180729 0.119444
2 0.377865 0.032407 0.092188 0.042593
