3 0.354427 0.557407 0.133854 0.418519
2 0.112760 0.245833 0.035937 0.058333
2 0.224740 0.212963 0.038021 0.077778
2 0.386979 0.081481 0.069792 0.064815
2 0.484635 0.228704 0.084896 0.092593
2 0.736979 0.268519 0.059375 0.075926
2 0.790104 0.415278 0.047917 0.073148
2 0.859115 0.442593 0.045312 0.077778
1 0.620313 0.186111 0.082292 0.335185
1 0.480469 0.489815 0.067187 0.274074
1 0.399479 0.374074 0.080208 0.311111
1 0.311458 0.162037 0.083333 0.296296
0 0.303125 0.164352 0.043750 0.269444
0 0.332552 0.168056 0.039062 0.276852
0 0.385156 0.373148 0.040104 0.274074
0 0.417187 0.382407 0.036458 0.274074
0 0.461198 0.484259 0.031771 0.250000
0 0.501563 0.498611 0.022917 0.243519
0 0.596875 0.183796 0.030208 0.297222
0 0.645052 0.201389 0.038021 0.297222
