3 0.233594 0.750463 0.208854 0.356481
2 0.444271 0.293056 0.051042 0.076852
2 0.175521 0.111111 0.043750 0.042593
2 0.730208 0.385185 0.038542 0.070370
2 0.820833 0.423611 0.050000 0.069444
2 0.883333 0.450000 0.046875 0.075926
1 0.660937 0.198611 0.091667 0.352778
1 0.542188 0.211574 0.076042 0.367593
1 0.346615 0.166667 0.076563 0.296296
1 0.256771 0.195370 0.088542 0.296296
0 0.518229 0.212963 0.031250 0.361111
0 0.565625 0.220370 0.042708 0.361111
0 0.637760 0.200463 0.049479 0.345370
0 0.685156 0.211574 0.048438 0.336111
