2 0.819271 0.429167 0.058333 0.075000
2 0.884115 0.455556 0.035937 0.068519
1 0.543750 0.212963 0.078125 0.424074
1 0.664844 0.193519 0.092188 0.385185
0 0.518229 0.200463 0.026042 0.399074
0 0.564063 0.212963 0.038542 0.424074
1 0.187760 0.234259 0.073438 0.238889
2 0.731771 0.380093 0.036458 0.069444
3 0.343490 0.575926 0.136979 0.462963
2 0.445573 0.297222 0.079687 0.081481
1 0.260937 0.169907 0.082292 0.337963
1 0.447917 0.475463 0.066667 0.330556
0 0.467187 0.477778 0.027083 0.322222
0 0.430990 0.472685 0.031771 0.330556
2 0.164323 0.117130 0.051562 0.034259
