3 0.345573 0.554630 0.113021 0.461111
2 0.239583 0.256481 0.046875 0.061111
2 0.476302 0.307407 0.054688 0.088889
2 0.850260 0.433796 0.046354 0.063889
2 0.905990 0.462037 0.039062 0.062963
1 0.710677 0.321296 0.103646 0.320370
1 0.602344 0.192130 0.085938 0.339815
1 0.470833 0.535185 0.052083 0.250000
1 0.378906 0.214352 0.079687 0.336111
1 0.298958 0.169444 0.078125 0.262963
0 0.454688 0.533333 0.026042 0.225926
0 0.484635 0.551852 0.022396 0.244444
0 0.574219 0.194444 0.032813 0.327778
0 0.620052 0.204630 0.038021 0.325926
0 0.682552 0.329630 0.053646 0.287037
0 0.724740 0.347685 0.058854 0.263889
