2 0.822135 0.431019 0.057813 0.075000
2 0.885938 0.455556 0.035417 0.068519
1 0.553125 0.202315 0.082292 0.402778
1 0.670833 0.193519 0.092708 0.385185
0 0.527604 0.202315 0.030208 0.402778
0 0.572135 0.193519 0.042188 0.385185
1 0.189844 0.244444 0.067187 0.207407
2 0.732292 0.382870 0.036458 0.069444
3 0.343490 0.575926 0.136979 0.462963
2 0.447917 0.299537 0.079167 0.080556
1 0.265104 0.161111 0.078125 0.320370
1 0.447917 0.467593 0.060417 0.316667
0 0.469271 0.471759 0.021875 0.312037
0 0.439063 0.468519 0.040625 0.312963
2 0.169271 0.153704 0.051042 0.033333
