2 0.215365 0.199537 0.046354 0.045370
2 0.489063 0.197222 0.062500 0.081481
2 0.791667 0.414815 0.062500 0.072222
2 0.862240 0.441667 0.039062 0.072222
1 0.482292 0.409722 0.070833 0.419444
1 0.625260 0.188426 0.088021 0.375000
0 0.463281 0.400463 0.033854 0.400926
0 0.505469 0.415741 0.026562 0.401852
0 0.598958 0.172685 0.037500 0.343519
1 0.177865 0.142593 0.076563 0.283333
2 0.736458 0.300463 0.051042 0.082407
3 0.352083 0.733796 0.195833 0.517593
2 0.391146 0.137500 0.085417 0.054630
0 0.434375 0.733333 0.025000 0.275926
0 0.299740 0.843056 0.041146 0.173148
