3 0.365365 0.742130 0.139063 0.419444
2 0.235937 0.256481 0.050000 0.055556
2 0.475260 0.301852 0.056771 0.081481
2 0.764062 0.401852 0.064583 0.077778
2 0.839844 0.431481 0.039062 0.075926
2 0.901042 0.466667 0.041667 0.062963
1 0.240885 0.315741 0.045312 0.090741
1 0.472135 0.474074 0.064062 0.320370
1 0.585677 0.185185 0.085938 0.368519
1 0.702344 0.211111 0.107813 0.420370
0 0.456510 0.473148 0.031771 0.316667
0 0.494010 0.481019 0.021354 0.308333
0 0.560937 0.175463 0.035417 0.349074
0 0.608594 0.183333 0.041146 0.364815
