3 0.358073 0.565278 0.154688 0.441667
2 0.114844 0.247685 0.027604 0.052778
2 0.217969 0.151852 0.050521 0.075926
2 0.399479 0.169444 0.059375 0.087037
2 0.493229 0.152778 0.097917 0.070370
2 0.725000 0.338426 0.054167 0.076852
2 0.798698 0.408333 0.033854 0.075926
2 0.863802 0.438426 0.048438 0.065741
1 0.626302 0.184259 0.083854 0.338889
1 0.487240 0.438889 0.059896 0.300000
1 0.406510 0.444444 0.057813 0.266667
1 0.318229 0.164815 0.081250 0.309259
0 0.647656 0.199537 0.040104 0.341667
0 0.605990 0.186574 0.036979 0.315741
0 0.505990 0.445370 0.020313 0.275926
0 0.464323 0.441204 0.021354 0.269444
0 0.428646 0.451389 0.044792 0.252778
