3 0.362500 0.544907 0.113542 0.452778
2 0.105729 0.237037 0.035417 0.051852
2 0.421875 0.260648 0.060417 0.086111
2 0.727083 0.375000 0.036458 0.083333
2 0.517969 0.037500 0.093229 0.050926
2 0.806250 0.415741 0.045833 0.077778
2 0.874219 0.447685 0.042188 0.067593
1 0.641667 0.193981 0.090625 0.341667
1 0.502604 0.345833 0.080208 0.358333
1 0.326562 0.154630 0.088542 0.303704
0 0.458333 0.519907 0.033333 0.154630
0 0.352604 0.166204 0.052083 0.275000
0 0.484115 0.340741 0.028646 0.333333
0 0.526823 0.351389 0.034896 0.341667
0 0.620313 0.185185 0.035417 0.361111
0 0.665625 0.202315 0.037500 0.341667
