3 0.364063 0.547222 0.137500 0.433333
2 0.110156 0.237037 0.030729 0.072222
2 0.215365 0.063426 0.057813 0.047222
2 0.421615 0.253704 0.056771 0.094444
2 0.515104 0.038426 0.095833 0.039815
2 0.723177 0.383333 0.045312 0.075926
2 0.807292 0.414352 0.057292 0.069444
2 0.871615 0.448148 0.053646 0.072222
1 0.641146 0.194907 0.093750 0.358333
1 0.502604 0.349074 0.076042 0.344444
1 0.332031 0.169907 0.083854 0.308333
0 0.348698 0.167593 0.050521 0.290741
0 0.449740 0.514815 0.035937 0.181481
0 0.482031 0.353241 0.029687 0.339815
0 0.524740 0.354167 0.031771 0.336111
0 0.617188 0.187963 0.038542 0.348148
0 0.663281 0.201389 0.046354 0.347222
