3 0.104427 0.981944 0.100521 0.036111
2 0.234896 0.258333 0.050000 0.055556
2 0.479167 0.285185 0.062500 0.079630
2 0.785937 0.412037 0.048958 0.075926
2 0.850781 0.434722 0.041146 0.080556
2 0.909115 0.466667 0.042188 0.062963
1 0.474219 0.469907 0.063021 0.336111
1 0.605990 0.185185 0.085938 0.368519
1 0.722396 0.300463 0.125000 0.408333
0 0.458333 0.465741 0.033333 0.325926
0 0.495312 0.479630 0.020833 0.320370
0 0.580990 0.168056 0.035937 0.334259
1 0.175000 0.141204 0.081250 0.280556
2 0.753906 0.120370 0.063021 0.046296
