3 0.388021 0.668981 0.154167 0.454630
2 0.180469 0.158796 0.049479 0.047222
2 0.450521 0.291204 0.059375 0.097222
2 0.746354 0.388426 0.071875 0.102778
2 0.822135 0.420833 0.043229 0.084259
2 0.887760 0.452315 0.048438 0.076852
1 0.196615 0.261111 0.065104 0.196296
1 0.454948 0.463889 0.067187 0.324074
1 0.553646 0.196759 0.082292 0.391667
1 0.668490 0.198148 0.098437 0.394444
0 0.444531 0.464352 0.042188 0.310185
0 0.475781 0.473148 0.027604 0.312963
0 0.528385 0.185648 0.032813 0.369444
0 0.574219 0.193519 0.038021 0.385185
