2 0.819531 0.429167 0.057813 0.075000
2 0.884635 0.455556 0.035937 0.068519
1 0.543229 0.212963 0.078125 0.424074
1 0.664844 0.193519 0.092188 0.385185
0 0.517188 0.200463 0.026042 0.399074
0 0.563281 0.212963 0.039062 0.424074
1 0.185938 0.230093 0.077083 0.247222
2 0.731771 0.380093 0.036458 0.069444
3 0.343490 0.575926 0.136979 0.462963
2 0.442969 0.294444 0.079687 0.081481
1 0.260417 0.170370 0.082292 0.338889
1 0.448437 0.475926 0.066667 0.331481
0 0.467448 0.477778 0.027604 0.322222
0 0.430990 0.473148 0.031771 0.331481
2 0.161719 0.108796 0.051562 0.034259
