2 0.205990 0.096759 0.049479 0.043519
2 0.510417 0.077315 0.081250 0.045370
2 0.799740 0.419444 0.067187 0.074074
2 0.871094 0.444444 0.036979 0.070370
1 0.502865 0.308796 0.085938 0.502778
1 0.638802 0.187963 0.089063 0.374074
0 0.475521 0.301389 0.032292 0.484259
0 0.527344 0.316667 0.036979 0.488889
0 0.613542 0.172685 0.037500 0.343519
1 0.183333 0.140741 0.077083 0.279630
2 0.725260 0.366667 0.044271 0.085185
3 0.393750 0.590741 0.128125 0.564815
2 0.416406 0.244907 0.081771 0.075000
0 0.446875 0.429630 0.030208 0.338889
1 0.221615 0.227778 0.067187 0.264815
