2 0.819792 0.428241 0.058333 0.075000
2 0.885417 0.455556 0.035417 0.068519
1 0.546354 0.208796 0.082292 0.415741
1 0.668229 0.193519 0.092708 0.385185
0 0.521615 0.202315 0.030729 0.402778
0 0.566667 0.208796 0.040625 0.415741
1 0.188021 0.239815 0.075000 0.233333
2 0.731771 0.380093 0.036458 0.069444
3 0.343490 0.575926 0.136979 0.462963
2 0.446615 0.299537 0.079687 0.080556
1 0.260937 0.166204 0.079167 0.330556
1 0.450260 0.477315 0.065104 0.336111
0 0.468490 0.480556 0.029687 0.325926
0 0.438802 0.468519 0.040104 0.324074
2 0.166667 0.127315 0.051042 0.034259
