3 0.344792 0.573148 0.138542 0.361111
2 0.094531 0.210185 0.031771 0.042593
2 0.440885 0.298148 0.044271 0.075926
2 0.729167 0.382870 0.042708 0.075000
2 0.814844 0.421296 0.044271 0.070370
2 0.876302 0.452778 0.043229 0.062963
1 0.651823 0.204167 0.091146 0.356481
1 0.526302 0.256019 0.074479 0.382407
1 0.340104 0.158333 0.075000 0.288889
0 0.415885 0.558796 0.027604 0.130556
0 0.363281 0.729630 0.051562 0.190741
0 0.507552 0.253704 0.031771 0.370370
0 0.551823 0.272222 0.032813 0.364815
0 0.628125 0.207870 0.043750 0.339815
0 0.673958 0.218981 0.044792 0.302778
