3 0.382812 0.828704 0.138542 0.329630
2 0.200521 0.200926 0.045833 0.064815
2 0.457813 0.293981 0.060417 0.095370
2 0.751563 0.393519 0.069792 0.098148
2 0.828125 0.426389 0.042708 0.080556
2 0.892188 0.455556 0.045833 0.079630
1 0.210417 0.293981 0.058333 0.150926
1 0.460156 0.475000 0.066146 0.331481
1 0.565104 0.192593 0.082292 0.383333
1 0.677865 0.197685 0.099479 0.393519
0 0.445312 0.471759 0.038542 0.328704
0 0.479948 0.480093 0.026562 0.319444
0 0.540885 0.178241 0.033854 0.354630
0 0.589063 0.186574 0.034375 0.371296
