2 0.210417 0.029630 0.048958 0.037037
2 0.517188 0.010648 0.077083 0.019444
2 0.807292 0.418056 0.058333 0.078704
2 0.876823 0.444444 0.036979 0.070370
1 0.515365 0.255093 0.084896 0.508333
1 0.647135 0.190741 0.093229 0.379630
0 0.488281 0.243519 0.030729 0.485185
0 0.539583 0.255093 0.037500 0.508333
1 0.186719 0.168519 0.077604 0.335185
2 0.724740 0.378241 0.040104 0.080556
3 0.375521 0.604167 0.190625 0.536111
2 0.433594 0.280093 0.076563 0.080556
1 0.226042 0.192130 0.080208 0.336111
1 0.436979 0.442593 0.069792 0.305556
0 0.458073 0.446759 0.028646 0.302778
0 0.422656 0.443056 0.043229 0.306481
