3 0.226302 0.747685 0.216146 0.363889
2 0.180990 0.109259 0.042188 0.064815
2 0.443229 0.293519 0.059375 0.092593
2 0.735417 0.385648 0.036458 0.071296
2 0.817708 0.426852 0.051042 0.074074
2 0.882031 0.457870 0.046354 0.056481
1 0.663021 0.210185 0.079167 0.325926
1 0.544010 0.211111 0.080729 0.364815
1 0.346094 0.165278 0.076563 0.299074
1 0.261458 0.194907 0.072917 0.282407
0 0.519010 0.219907 0.036979 0.350926
0 0.566667 0.218981 0.035417 0.367593
0 0.640625 0.206019 0.040625 0.325000
0 0.683073 0.217130 0.041146 0.308333
