3 0.397135 0.545370 0.089063 0.440741
2 0.100521 0.239815 0.036458 0.046296
2 0.426563 0.279630 0.054167 0.072222
2 0.728125 0.374074 0.047917 0.081481
2 0.807292 0.422685 0.050000 0.071296
2 0.877344 0.449074 0.048438 0.055556
1 0.642188 0.195370 0.092708 0.357407
1 0.512500 0.332407 0.067708 0.348148
1 0.330729 0.160185 0.083333 0.300000
0 0.666406 0.196759 0.046354 0.356481
0 0.622135 0.194444 0.038021 0.346296
0 0.531771 0.335648 0.027083 0.328704
0 0.490625 0.328704 0.026042 0.329630
0 0.457813 0.538426 0.029167 0.108333
0 0.350521 0.163889 0.045833 0.285185
