3 0.386198 0.782870 0.121354 0.349074
2 0.192969 0.190278 0.051562 0.056481
2 0.455208 0.293519 0.058333 0.094444
2 0.748437 0.392593 0.069792 0.098148
2 0.826562 0.425000 0.042708 0.081481
2 0.890885 0.456481 0.046354 0.079630
1 0.205208 0.285185 0.062500 0.164815
1 0.457292 0.475926 0.063542 0.331481
1 0.561979 0.193056 0.083333 0.384259
1 0.673438 0.193981 0.100000 0.386111
0 0.440885 0.469907 0.031771 0.319444
0 0.475260 0.481481 0.025521 0.320370
0 0.537760 0.179167 0.033854 0.356481
0 0.586458 0.188426 0.034375 0.375000
