3 0.351823 0.571759 0.135937 0.428704
2 0.109375 0.243056 0.032292 0.049074
2 0.210156 0.125926 0.042188 0.050000
2 0.408073 0.203704 0.059896 0.085185
2 0.502083 0.108796 0.087500 0.058333
2 0.727865 0.356481 0.055729 0.079630
2 0.798177 0.411574 0.043229 0.076852
2 0.869010 0.443981 0.041146 0.062037
1 0.635677 0.186574 0.079687 0.341667
1 0.498177 0.411111 0.074479 0.303704
1 0.415625 0.479167 0.059375 0.269444
1 0.318229 0.154167 0.090625 0.295370
0 0.654167 0.206944 0.040625 0.326852
0 0.610677 0.193519 0.039062 0.338889
0 0.512240 0.421759 0.018229 0.289815
0 0.470052 0.415278 0.031771 0.300926
0 0.436979 0.490278 0.034375 0.252778
