3 0.357812 0.562963 0.158333 0.411111
2 0.109115 0.251389 0.027604 0.054630
2 0.225781 0.216204 0.035937 0.067593
2 0.387500 0.084722 0.060417 0.071296
2 0.486719 0.229630 0.070312 0.096296
2 0.738542 0.272222 0.050000 0.075926
2 0.791927 0.414352 0.036979 0.063889
2 0.861719 0.447685 0.042188 0.075000
2 0.934375 0.439815 0.018750 0.046296
1 0.620573 0.197222 0.078646 0.320370
1 0.482552 0.488426 0.063021 0.269444
1 0.397917 0.382870 0.073958 0.302778
1 0.314063 0.162500 0.069792 0.293519
0 0.640625 0.203704 0.038542 0.333333
0 0.598437 0.195833 0.026042 0.312037
0 0.501563 0.493056 0.016667 0.258333
0 0.457813 0.494907 0.027083 0.263889
0 0.418229 0.386574 0.041667 0.275000
0 0.376563 0.380093 0.041667 0.273148
0 0.300260 0.173611 0.039062 0.252778
0 0.332292 0.174074 0.041667 0.248148
