3 0.363281 0.752778 0.140104 0.424074
2 0.237500 0.259259 0.050000 0.055556
2 0.475260 0.301852 0.056771 0.081481
2 0.766667 0.405556 0.063542 0.077778
2 0.842448 0.433333 0.039062 0.075926
2 0.903125 0.468519 0.041667 0.062963
1 0.473438 0.474074 0.063542 0.318519
1 0.590885 0.182407 0.082812 0.362963
1 0.708073 0.225463 0.115104 0.449074
0 0.457813 0.473611 0.032292 0.319444
0 0.493490 0.480093 0.024479 0.312037
0 0.565365 0.172685 0.032813 0.343519
0 0.612240 0.182407 0.039062 0.362963
1 0.171615 0.145370 0.072396 0.288889
