2 0.205990 0.121759 0.049479 0.043519
2 0.504167 0.103704 0.070833 0.061111
2 0.796615 0.418519 0.067187 0.074074
2 0.867188 0.443056 0.042708 0.073148
1 0.495833 0.330556 0.082292 0.470370
1 0.633594 0.187963 0.089063 0.374074
0 0.471615 0.324074 0.033854 0.455556
0 0.521615 0.338889 0.030729 0.462963
0 0.607292 0.172685 0.037500 0.343519
1 0.182292 0.140741 0.077083 0.279630
2 0.726042 0.350463 0.043750 0.100926
3 0.382292 0.580556 0.133333 0.590741
2 0.407813 0.220833 0.085417 0.076852
0 0.439323 0.418056 0.028646 0.389815
1 0.222396 0.243981 0.063542 0.236111
