3 0.394010 0.759259 0.132812 0.416667
2 0.190104 0.181944 0.051042 0.056481
2 0.453906 0.290741 0.058854 0.094444
2 0.747917 0.390741 0.069792 0.098148
2 0.825781 0.423611 0.042188 0.080556
2 0.889844 0.454630 0.046354 0.079630
1 0.203646 0.281481 0.062500 0.172222
1 0.454688 0.470833 0.062500 0.319444
1 0.558854 0.193056 0.083333 0.384259
1 0.671354 0.191204 0.098958 0.380556
0 0.440365 0.462500 0.030729 0.306481
0 0.474479 0.474537 0.026042 0.313889
0 0.534375 0.168519 0.033333 0.335185
0 0.583854 0.189352 0.034375 0.376852
