3 0.364844 0.743981 0.139063 0.419444
2 0.236458 0.258333 0.050000 0.055556
2 0.475781 0.301852 0.056771 0.081481
2 0.766927 0.405556 0.064062 0.077778
2 0.841927 0.432407 0.039062 0.075926
2 0.902604 0.468519 0.041667 0.062963
1 0.242188 0.310648 0.044792 0.080556
1 0.473438 0.475000 0.063542 0.318519
1 0.590104 0.183333 0.082292 0.364815
1 0.705469 0.220833 0.116146 0.439815
0 0.457031 0.473148 0.031771 0.318519
0 0.493490 0.479167 0.024479 0.312037
0 0.564583 0.173148 0.032292 0.344444
0 0.610938 0.183333 0.038542 0.364815
