3 0.364844 0.564352 0.170313 0.425000
2 0.113021 0.251389 0.032292 0.047222
2 0.211198 0.169444 0.045312 0.074074
2 0.394531 0.164815 0.065104 0.088889
2 0.491667 0.162037 0.088542 0.083333
2 0.728646 0.330093 0.056250 0.082407
2 0.797917 0.400926 0.036458 0.079630
2 0.865365 0.440741 0.050521 0.068519
1 0.626042 0.193056 0.081250 0.341667
1 0.482031 0.446296 0.066146 0.292593
1 0.406510 0.442130 0.073438 0.293519
1 0.318229 0.158333 0.079167 0.294444
0 0.388802 0.437963 0.042188 0.262963
0 0.431250 0.456481 0.032292 0.264815
0 0.464583 0.443981 0.030208 0.267593
0 0.508594 0.457870 0.018229 0.265741
0 0.606771 0.198148 0.037500 0.329630
0 0.651042 0.206019 0.034375 0.321296
