2 0.812240 0.421759 0.058854 0.075000
2 0.880990 0.450463 0.036979 0.069444
1 0.533333 0.235185 0.080208 0.468519
1 0.657552 0.194907 0.095312 0.387963
0 0.506771 0.222685 0.026042 0.443519
0 0.554427 0.235185 0.040104 0.468519
1 0.183073 0.212500 0.083854 0.289815
2 0.727344 0.379630 0.036979 0.070370
3 0.351042 0.574074 0.148958 0.466667
2 0.440885 0.296296 0.078646 0.081481
1 0.246875 0.184259 0.086458 0.366667
1 0.446875 0.466204 0.068750 0.330556
0 0.466667 0.471759 0.028125 0.319444
0 0.434635 0.456019 0.042188 0.312037
2 0.163802 0.070370 0.051562 0.035185
