3 0.357552 0.793981 0.151562 0.412037
2 0.239063 0.260185 0.050000 0.055556
2 0.476302 0.301389 0.056771 0.080556
2 0.767188 0.405556 0.063542 0.077778
2 0.842969 0.432407 0.039062 0.075926
2 0.903646 0.468519 0.042708 0.062963
1 0.471615 0.474537 0.059896 0.323148
1 0.591667 0.181019 0.082292 0.360185
1 0.709115 0.231019 0.115104 0.460185
0 0.458333 0.472222 0.032292 0.318519
0 0.490885 0.479167 0.020313 0.310185
0 0.567187 0.172685 0.033333 0.343519
0 0.613542 0.181019 0.038542 0.360185
1 0.172656 0.143981 0.072396 0.286111
