3 0.358073 0.558796 0.154688 0.421296
2 0.113802 0.249537 0.041146 0.050926
2 0.219531 0.142593 0.043229 0.072222
2 0.402604 0.182870 0.066667 0.082407
2 0.494271 0.151389 0.069792 0.058333
2 0.724219 0.345833 0.047396 0.065741
2 0.793490 0.412963 0.045312 0.070370
2 0.866146 0.446759 0.047917 0.060185
1 0.633594 0.192130 0.095312 0.328704
1 0.491667 0.432407 0.061458 0.281481
1 0.410417 0.448611 0.066667 0.269444
1 0.314583 0.156481 0.094792 0.300000
0 0.653385 0.200463 0.040104 0.313889
0 0.609375 0.192593 0.028125 0.322222
0 0.509115 0.437037 0.025521 0.277778
0 0.467708 0.432870 0.028125 0.287963
0 0.432292 0.451852 0.037500 0.248148
