3 0.347396 0.805093 0.170833 0.387963
2 0.238542 0.258796 0.050000 0.056481
2 0.475260 0.300000 0.056771 0.081481
2 0.768750 0.406481 0.063542 0.077778
2 0.843229 0.432407 0.038542 0.075926
2 0.904427 0.469444 0.042188 0.062963
1 0.471615 0.474074 0.059896 0.322222
1 0.593229 0.184722 0.083333 0.367593
1 0.711719 0.235648 0.120313 0.469444
0 0.455469 0.470370 0.029687 0.316667
0 0.490885 0.480093 0.021354 0.312037
0 0.568229 0.172685 0.033333 0.343519
0 0.615885 0.184722 0.039062 0.367593
1 0.172656 0.143519 0.072396 0.285185
