3 0.435937 0.520833 0.098958 0.449074
2 0.233594 0.258333 0.058854 0.075926
2 0.482812 0.300000 0.041667 0.090741
2 0.843229 0.431019 0.052083 0.076852
2 0.901823 0.462037 0.044271 0.064815
1 0.706250 0.241667 0.102083 0.362963
1 0.588021 0.193519 0.085417 0.337037
1 0.291927 0.159259 0.074479 0.292593
1 0.369531 0.169907 0.081771 0.302778
0 0.561719 0.188426 0.031771 0.321296
0 0.609115 0.189815 0.035937 0.333333
0 0.677865 0.237963 0.045312 0.359259
0 0.723958 0.247222 0.053125 0.340741
0 0.498958 0.490741 0.017708 0.216667
