3 0.142187 0.968056 0.108333 0.063889
2 0.236458 0.259259 0.050000 0.055556
2 0.478646 0.304630 0.059375 0.081481
2 0.782813 0.407407 0.048958 0.075926
2 0.849740 0.433796 0.041146 0.078704
2 0.907813 0.468519 0.042708 0.062963
1 0.473698 0.469907 0.063021 0.336111
1 0.604688 0.185185 0.086458 0.368519
1 0.721875 0.284722 0.127083 0.432407
0 0.458854 0.465741 0.033333 0.325926
0 0.494531 0.479630 0.021354 0.320370
0 0.578906 0.168519 0.035937 0.335185
1 0.173437 0.141204 0.081250 0.280556
2 0.754167 0.087500 0.063542 0.043519
