3 0.383333 0.594907 0.126042 0.436111
2 0.227865 0.253704 0.048438 0.066667
2 0.470313 0.298611 0.057292 0.087963
2 0.838802 0.425000 0.034896 0.066667
2 0.898177 0.465741 0.042188 0.059259
1 0.695312 0.218056 0.097917 0.360185
1 0.583854 0.193519 0.080208 0.325926
1 0.289062 0.166667 0.072917 0.283333
0 0.560417 0.192130 0.039583 0.334259
0 0.605469 0.193981 0.036979 0.325000
0 0.669271 0.218056 0.041667 0.347222
0 0.711198 0.229167 0.055729 0.332407
0 0.348698 0.735648 0.022396 0.197222
0 0.449740 0.666204 0.022396 0.150926
