2 0.209896 0.030556 0.048958 0.037037
2 0.517188 0.011111 0.077083 0.020370
2 0.807292 0.418056 0.058333 0.078704
2 0.876823 0.445370 0.036979 0.070370
1 0.514844 0.255556 0.084896 0.509259
1 0.646094 0.190741 0.093229 0.379630
0 0.487760 0.243519 0.030729 0.485185
0 0.538542 0.255556 0.037500 0.509259
1 0.186719 0.168519 0.077604 0.335185
2 0.724740 0.378241 0.040104 0.080556
3 0.388542 0.604167 0.164583 0.536111
2 0.434375 0.279167 0.076042 0.080556
1 0.226042 0.192130 0.080208 0.336111
1 0.440365 0.443056 0.076563 0.319444
0 0.461458 0.443519 0.034375 0.296296
0 0.423438 0.445370 0.041667 0.303704
