3 0.355469 0.565741 0.149479 0.448148
2 0.111198 0.252315 0.032813 0.050926
2 0.212240 0.171759 0.056771 0.050926
2 0.395573 0.163426 0.067187 0.071296
2 0.490365 0.179630 0.094271 0.081481
2 0.733073 0.330093 0.060937 0.082407
2 0.799479 0.410648 0.050000 0.075000
2 0.862500 0.445833 0.044792 0.071296
1 0.626563 0.190741 0.076042 0.344444
1 0.486979 0.454167 0.065625 0.302778
1 0.408073 0.436574 0.078646 0.287963
1 0.319531 0.154167 0.080729 0.295370
0 0.607031 0.193981 0.038021 0.339815
0 0.648698 0.196759 0.030729 0.328704
0 0.505729 0.463889 0.025000 0.281481
0 0.465885 0.453241 0.028646 0.276852
0 0.428906 0.439352 0.040104 0.275000
0 0.388281 0.435185 0.041146 0.250000
