3 0.356250 0.564352 0.150000 0.439815
2 0.113802 0.247685 0.029687 0.047222
2 0.216667 0.178704 0.047917 0.064815
2 0.395313 0.161111 0.063542 0.072222
2 0.494531 0.172222 0.097396 0.074074
2 0.729167 0.325463 0.050000 0.082407
2 0.797396 0.406019 0.045833 0.080556
2 0.865104 0.434722 0.061458 0.076852
1 0.630729 0.187500 0.086458 0.345370
1 0.486719 0.456944 0.063021 0.291667
1 0.407031 0.443981 0.066146 0.287963
1 0.315885 0.155556 0.076563 0.301852
0 0.646094 0.199074 0.043229 0.340741
0 0.604688 0.190741 0.034375 0.324074
0 0.505990 0.462963 0.023438 0.275926
0 0.463542 0.453704 0.027083 0.261111
0 0.429948 0.448148 0.035937 0.270370
0 0.391146 0.442130 0.043750 0.254630
0 0.333333 0.158333 0.048958 0.281481
