3 0.352083 0.557870 0.156250 0.430556
2 0.111979 0.242130 0.034375 0.058333
2 0.213802 0.175463 0.042188 0.056481
2 0.397396 0.157407 0.071875 0.064815
2 0.490365 0.176852 0.092188 0.074074
2 0.731250 0.323611 0.054167 0.075000
2 0.794271 0.404630 0.046875 0.088889
2 0.863281 0.438426 0.050521 0.058333
1 0.624740 0.191667 0.074479 0.335185
1 0.484896 0.464815 0.057292 0.303704
1 0.405990 0.444907 0.076563 0.304630
1 0.319271 0.159259 0.083333 0.301852
0 0.304688 0.164352 0.033333 0.284259
0 0.342708 0.165741 0.037500 0.275926
0 0.391927 0.431019 0.035937 0.249074
0 0.429167 0.445370 0.036458 0.272222
0 0.465104 0.456481 0.026042 0.264815
0 0.507552 0.476389 0.019271 0.260185
0 0.601302 0.193056 0.033854 0.328704
0 0.647135 0.208333 0.039062 0.311111
