3 0.360156 0.789815 0.148438 0.340741
2 0.210938 0.224074 0.048958 0.053704
2 0.460938 0.293519 0.060417 0.096296
2 0.753646 0.394444 0.066667 0.085185
2 0.831510 0.429167 0.043229 0.075000
2 0.894792 0.456481 0.044792 0.079630
1 0.217188 0.302778 0.055208 0.131481
1 0.459635 0.469907 0.061979 0.321296
1 0.571094 0.184722 0.083854 0.367593
1 0.681510 0.197685 0.101562 0.393519
0 0.445573 0.466204 0.033854 0.310185
0 0.479687 0.476389 0.020833 0.306481
0 0.545833 0.176852 0.033333 0.351852
0 0.594792 0.183796 0.036458 0.365741
