3 0.363802 0.743056 0.139063 0.419444
2 0.236979 0.259259 0.050000 0.055556
2 0.475781 0.302315 0.056771 0.080556
2 0.767708 0.406481 0.063542 0.077778
2 0.843229 0.432407 0.038542 0.075926
2 0.903646 0.469444 0.041667 0.062963
1 0.243229 0.311111 0.044792 0.081481
1 0.473438 0.474537 0.063542 0.319444
1 0.590885 0.182870 0.082812 0.363889
1 0.706771 0.224537 0.116667 0.447222
0 0.457813 0.474074 0.032292 0.320370
0 0.494010 0.480093 0.024479 0.312037
0 0.565104 0.172685 0.032292 0.343519
0 0.611979 0.182870 0.038542 0.363889
