3 0.250781 0.760185 0.183854 0.377778
2 0.172396 0.096296 0.052083 0.050000
2 0.439323 0.292130 0.053646 0.082407
2 0.731771 0.383796 0.037500 0.075000
2 0.820312 0.420833 0.045833 0.073148
2 0.883073 0.451389 0.040104 0.067593
1 0.657552 0.199537 0.092188 0.354630
1 0.539844 0.226389 0.084896 0.371296
1 0.347135 0.182407 0.075521 0.277778
0 0.298698 0.920370 0.099479 0.148148
0 0.515365 0.207407 0.025521 0.362963
0 0.563021 0.226852 0.038542 0.366667
0 0.632552 0.200000 0.042188 0.324074
0 0.683594 0.210185 0.040104 0.338889
