3 0.362760 0.576852 0.116146 0.457407
2 0.425000 0.278241 0.071875 0.073148
2 0.104167 0.229167 0.033333 0.039815
2 0.726042 0.374074 0.036458 0.070370
2 0.810156 0.413889 0.039062 0.070370
2 0.877604 0.442130 0.030208 0.056481
1 0.646094 0.191204 0.091146 0.358333
1 0.516927 0.315741 0.082812 0.329630
1 0.440365 0.515278 0.066146 0.225000
1 0.332031 0.167593 0.070312 0.303704
0 0.348698 0.166204 0.045312 0.295370
0 0.454427 0.520833 0.039062 0.213889
0 0.491667 0.318981 0.027083 0.312037
0 0.538281 0.324537 0.029687 0.308333
0 0.617969 0.196296 0.039062 0.335185
0 0.671094 0.204167 0.036979 0.323148
