3 0.364844 0.743981 0.139063 0.419444
2 0.236458 0.258333 0.050000 0.055556
2 0.475781 0.301852 0.056771 0.081481
2 0.764583 0.403704 0.064583 0.077778
2 0.840885 0.432407 0.039062 0.075926
2 0.902083 0.467593 0.041667 0.062963
1 0.242188 0.310648 0.044792 0.080556
1 0.473438 0.475926 0.063542 0.318519
1 0.588281 0.184259 0.082812 0.366667
1 0.703125 0.216667 0.112500 0.431481
0 0.457031 0.474074 0.031771 0.318519
0 0.495052 0.482870 0.021354 0.308333
0 0.563281 0.174074 0.031771 0.346296
0 0.609635 0.184259 0.039062 0.366667
