2 0.812760 0.420833 0.058854 0.075000
2 0.880469 0.449537 0.036979 0.069444
1 0.529427 0.239815 0.078646 0.477778
1 0.653906 0.193519 0.094271 0.385185
0 0.503906 0.223611 0.026562 0.445370
0 0.549479 0.238889 0.041667 0.475926
1 0.183073 0.196759 0.083854 0.323148
2 0.727083 0.382407 0.039583 0.068519
3 0.350260 0.565741 0.152604 0.459259
2 0.439844 0.295370 0.078646 0.081481
1 0.242969 0.185185 0.090104 0.368519
1 0.446875 0.466204 0.068750 0.330556
0 0.467708 0.472685 0.028125 0.317593
0 0.433854 0.457870 0.041667 0.312037
2 0.164844 0.052778 0.051562 0.035185
