3 0.356771 0.563889 0.152083 0.435185
2 0.109375 0.243981 0.036458 0.054630
2 0.215365 0.090741 0.060937 0.046296
2 0.414844 0.236574 0.060937 0.082407
2 0.509375 0.080556 0.094792 0.062963
2 0.724219 0.378704 0.055729 0.077778
2 0.802083 0.415741 0.051042 0.070370
2 0.870313 0.450000 0.044792 0.064815
1 0.635938 0.193519 0.087500 0.361111
1 0.496354 0.386574 0.079167 0.337963
1 0.328646 0.159722 0.090625 0.312037
0 0.347135 0.165741 0.050521 0.288889
0 0.442708 0.508333 0.032292 0.214815
0 0.476302 0.377315 0.030729 0.321296
0 0.522396 0.397685 0.026042 0.323148
0 0.616667 0.196296 0.041667 0.342593
0 0.659896 0.199537 0.043750 0.325000
