3 0.427865 0.537500 0.090104 0.449074
2 0.236198 0.261574 0.047396 0.063889
2 0.479948 0.301852 0.049479 0.070370
2 0.841146 0.431481 0.037500 0.072222
2 0.898177 0.460648 0.041146 0.062037
1 0.704427 0.228241 0.095312 0.376852
1 0.584375 0.203704 0.078125 0.333333
1 0.291667 0.163889 0.078125 0.285185
1 0.375521 0.176852 0.072917 0.307407
0 0.563281 0.186574 0.038021 0.339815
0 0.607552 0.194907 0.036979 0.321296
0 0.676562 0.228704 0.050000 0.357407
0 0.721354 0.242593 0.048958 0.335185
0 0.493229 0.602315 0.018750 0.154630
