2 0.172917 0.131481 0.051042 0.042593
2 0.447656 0.289352 0.060937 0.091667
2 0.744792 0.390278 0.085417 0.100926
2 0.819010 0.425463 0.041146 0.071296
2 0.884896 0.451389 0.047917 0.078704
3 0.380208 0.582870 0.160417 0.426852
0 0.431250 0.474074 0.032292 0.337037
0 0.468490 0.484722 0.019271 0.345370
0 0.525521 0.194907 0.027083 0.387963
0 0.571875 0.199074 0.033333 0.396296
1 0.446875 0.484722 0.063542 0.350926
1 0.192708 0.250926 0.069792 0.225926
1 0.662500 0.197222 0.095833 0.392593
1 0.549740 0.197685 0.078646 0.393519
