2 0.207552 0.041667 0.048438 0.037037
2 0.517188 0.012500 0.077083 0.023148
2 0.805990 0.418056 0.058854 0.078704
2 0.874219 0.443519 0.036979 0.070370
1 0.510417 0.256019 0.087500 0.510185
1 0.645052 0.190278 0.090104 0.378704
0 0.484115 0.250000 0.033854 0.498148
0 0.537500 0.256019 0.036458 0.510185
1 0.186198 0.169444 0.077604 0.337037
2 0.724740 0.371759 0.040104 0.080556
3 0.397396 0.602315 0.133333 0.532407
2 0.429427 0.274074 0.078646 0.075926
1 0.223177 0.195833 0.077604 0.313889
1 0.440365 0.443056 0.076563 0.319444
0 0.460677 0.434259 0.034896 0.288889
0 0.422656 0.442593 0.038021 0.309259
