2 0.820833 0.428241 0.058333 0.075000
2 0.885677 0.455556 0.035937 0.068519
1 0.545052 0.209722 0.081771 0.417593
1 0.666927 0.193519 0.092188 0.385185
0 0.520052 0.202315 0.030729 0.402778
0 0.565104 0.209722 0.040625 0.417593
1 0.188021 0.239815 0.075000 0.233333
2 0.731771 0.380093 0.036458 0.069444
3 0.343490 0.575926 0.136979 0.462963
2 0.446354 0.298611 0.079167 0.080556
1 0.260677 0.166204 0.079687 0.330556
1 0.449219 0.477778 0.069271 0.337037
0 0.468229 0.479630 0.030208 0.325926
0 0.435156 0.470370 0.040104 0.327778
2 0.164583 0.120833 0.051042 0.034259
