3 0.354427 0.573148 0.149479 0.435185
2 0.108854 0.245833 0.032292 0.056481
2 0.209115 0.091204 0.044271 0.045370
2 0.414062 0.242130 0.084375 0.091667
2 0.510417 0.064352 0.075000 0.058333
2 0.726562 0.373611 0.050000 0.076852
2 0.800521 0.413889 0.043750 0.070370
2 0.870833 0.447685 0.038542 0.067593
1 0.636458 0.191667 0.078125 0.351852
1 0.499219 0.372685 0.057813 0.330556
1 0.425000 0.491204 0.080208 0.243519
1 0.326823 0.156481 0.077604 0.300000
0 0.405729 0.489815 0.047917 0.238889
0 0.446875 0.495370 0.037500 0.235185
0 0.479167 0.371296 0.028125 0.316667
0 0.519531 0.378704 0.016146 0.309259
0 0.609375 0.192593 0.043750 0.348148
0 0.657552 0.198611 0.033854 0.334259
