2 0.812240 0.419907 0.058854 0.075000
2 0.880469 0.449074 0.036979 0.068519
1 0.531771 0.235648 0.080208 0.469444
1 0.655469 0.193519 0.094271 0.385185
0 0.505208 0.223148 0.026042 0.444444
0 0.552344 0.235648 0.040104 0.469444
1 0.182292 0.206019 0.085417 0.302778
2 0.726562 0.381481 0.039583 0.068519
3 0.351302 0.574537 0.149479 0.465741
2 0.440365 0.296296 0.078646 0.081481
1 0.245833 0.184722 0.086458 0.367593
1 0.446875 0.466204 0.068750 0.330556
0 0.467187 0.472222 0.028125 0.318519
0 0.433594 0.456944 0.042188 0.312037
2 0.164844 0.063889 0.051562 0.035185
