3 0.358594 0.550000 0.146354 0.418519
2 0.113281 0.242130 0.041146 0.058333
2 0.204427 0.126852 0.050521 0.055556
2 0.408854 0.216204 0.056250 0.099074
2 0.504948 0.120833 0.095312 0.075000
2 0.720313 0.368056 0.063542 0.069444
2 0.800260 0.414815 0.050521 0.068519
2 0.867969 0.448148 0.049479 0.061111
1 0.636458 0.191204 0.083333 0.367593
1 0.493490 0.408333 0.072396 0.322222
1 0.322656 0.158333 0.091146 0.303704
0 0.344010 0.163889 0.053646 0.290741
0 0.441406 0.482407 0.030729 0.246296
0 0.472135 0.405093 0.028646 0.295370
0 0.512760 0.416204 0.031771 0.323148
0 0.614323 0.192130 0.036979 0.365741
0 0.658333 0.196759 0.041667 0.354630
