3 0.347135 0.570370 0.142187 0.457407
2 0.108594 0.242593 0.024479 0.057407
2 0.419792 0.255093 0.072917 0.080556
2 0.730208 0.380556 0.051042 0.077778
2 0.801562 0.419444 0.041667 0.077778
2 0.874479 0.445833 0.036458 0.078704
1 0.634115 0.185648 0.084896 0.343519
1 0.510417 0.353241 0.075000 0.334259
1 0.430990 0.500000 0.074479 0.235185
1 0.330729 0.160648 0.073958 0.313889
0 0.343490 0.157870 0.045312 0.302778
0 0.448698 0.499074 0.036979 0.222222
0 0.414844 0.505556 0.034896 0.220370
0 0.486198 0.353704 0.026562 0.320370
0 0.528646 0.360648 0.022917 0.306481
0 0.614323 0.192593 0.040104 0.325926
0 0.659896 0.206481 0.042708 0.318519
