3 0.354167 0.560185 0.143750 0.453704
2 0.113021 0.248148 0.031250 0.061111
2 0.211719 0.088889 0.060937 0.059259
2 0.415625 0.236574 0.066667 0.097222
2 0.505990 0.085648 0.100521 0.065741
2 0.727344 0.374074 0.044271 0.066667
2 0.805990 0.412963 0.055729 0.075926
2 0.869792 0.451389 0.053125 0.073148
1 0.636198 0.194444 0.096354 0.361111
1 0.496354 0.380556 0.078125 0.346296
1 0.329167 0.162500 0.083333 0.306481
0 0.344531 0.165741 0.051562 0.288889
0 0.445052 0.512500 0.038021 0.215741
0 0.475000 0.381944 0.031250 0.319444
0 0.518490 0.381481 0.027604 0.335185
0 0.614844 0.189352 0.050521 0.350926
0 0.659635 0.192130 0.043229 0.334259
