3 0.362760 0.753704 0.136979 0.381481
2 0.222656 0.239352 0.048438 0.058333
2 0.468229 0.293519 0.055208 0.096296
2 0.758333 0.399074 0.065625 0.081481
2 0.834635 0.430556 0.041146 0.075926
2 0.897135 0.464815 0.045312 0.064815
1 0.227865 0.306944 0.051562 0.110185
1 0.465885 0.475463 0.065104 0.325000
1 0.574740 0.185648 0.082812 0.369444
1 0.684896 0.200926 0.098958 0.400000
0 0.450781 0.469444 0.034896 0.311111
0 0.487240 0.479630 0.022396 0.316667
0 0.550781 0.185185 0.033854 0.368519
0 0.598437 0.181944 0.035417 0.362037
