2 0.229167 0.254630 0.046875 0.053704
2 0.479167 0.272222 0.062500 0.081481
2 0.788021 0.410185 0.052083 0.074074
2 0.855469 0.441667 0.039062 0.072222
2 0.914844 0.457407 0.035937 0.061111
1 0.474740 0.461574 0.067187 0.369444
1 0.610417 0.183333 0.083333 0.364815
1 0.725781 0.336574 0.118229 0.354630
0 0.459115 0.450463 0.034896 0.345370
0 0.496615 0.468519 0.023438 0.355556
0 0.585938 0.167593 0.035417 0.333333
1 0.174219 0.140278 0.076563 0.278704
2 0.752865 0.176389 0.064062 0.043519
3 0.147396 0.957407 0.152083 0.083333
