2 0.229687 0.254630 0.046875 0.053704
2 0.479687 0.281944 0.062500 0.080556
2 0.789062 0.410185 0.048958 0.075926
2 0.854688 0.441667 0.038542 0.072222
2 0.914062 0.459259 0.035417 0.061111
1 0.474219 0.466204 0.067187 0.365741
1 0.610417 0.183796 0.083333 0.365741
1 0.729167 0.334259 0.129167 0.359259
0 0.459115 0.451852 0.034896 0.338889
0 0.496094 0.470370 0.023438 0.355556
0 0.585938 0.167593 0.035417 0.333333
1 0.180990 0.140741 0.076563 0.279630
2 0.754167 0.172222 0.063542 0.044444
3 0.143490 0.968981 0.157812 0.060185
2 0.377344 0.013426 0.093229 0.025000
