2 0.811719 0.418981 0.058854 0.075000
2 0.878385 0.449537 0.036979 0.069444
1 0.523438 0.247685 0.082292 0.493519
1 0.654167 0.192593 0.090625 0.383333
0 0.497396 0.235185 0.029167 0.468519
0 0.546615 0.243519 0.036979 0.485185
1 0.186719 0.189352 0.077604 0.334259
2 0.727344 0.381019 0.034896 0.065741
3 0.335938 0.568981 0.131250 0.476852
2 0.437240 0.287037 0.078646 0.081481
1 0.235417 0.181019 0.082292 0.360185
1 0.439063 0.468056 0.065625 0.334259
0 0.459896 0.472222 0.023958 0.331481
0 0.424740 0.468519 0.035937 0.333333
