2 0.812240 0.423611 0.051562 0.071296
2 0.881510 0.452315 0.036979 0.069444
1 0.534635 0.235185 0.079687 0.468519
1 0.657292 0.194444 0.090625 0.387037
0 0.508333 0.222685 0.026042 0.443519
0 0.555208 0.235185 0.039583 0.468519
1 0.183073 0.211574 0.083854 0.291667
2 0.727344 0.379630 0.036979 0.070370
3 0.345313 0.569907 0.135417 0.458333
2 0.440365 0.294444 0.078646 0.081481
1 0.250521 0.183333 0.083333 0.364815
1 0.446875 0.466204 0.068750 0.330556
0 0.466406 0.457870 0.028646 0.295370
0 0.434115 0.456019 0.042188 0.312037
2 0.163542 0.070370 0.051042 0.035185
