2 0.228646 0.243056 0.046875 0.054630
2 0.482292 0.260648 0.062500 0.080556
2 0.788542 0.415278 0.052083 0.071296
2 0.856771 0.442593 0.038542 0.072222
2 0.919271 0.455556 0.031250 0.051852
1 0.476042 0.460185 0.066667 0.368519
1 0.612240 0.181944 0.082812 0.362037
1 0.724219 0.358796 0.119271 0.313889
0 0.459896 0.443519 0.034375 0.351852
0 0.497135 0.463426 0.024479 0.363889
0 0.588021 0.167130 0.035417 0.332407
1 0.174740 0.139815 0.076563 0.277778
2 0.751042 0.207870 0.062500 0.056481
3 0.172917 0.930556 0.170833 0.133333
2 0.380729 0.036574 0.090625 0.037963
