3 0.355208 0.562037 0.147917 0.431481
2 0.116146 0.249537 0.029167 0.058333
2 0.217969 0.191204 0.042188 0.075000
2 0.392448 0.125463 0.067187 0.078704
2 0.488542 0.201389 0.089583 0.076852
2 0.732031 0.298148 0.052604 0.083333
2 0.791667 0.406944 0.043750 0.082407
2 0.861458 0.443981 0.051042 0.075000
1 0.626823 0.192130 0.078646 0.334259
1 0.479427 0.473148 0.067187 0.292593
1 0.401302 0.393981 0.071354 0.310185
1 0.313802 0.151389 0.072396 0.280556
0 0.384635 0.393519 0.041146 0.296296
0 0.427083 0.414815 0.043750 0.296296
0 0.464583 0.470370 0.030208 0.279630
0 0.501302 0.481019 0.018229 0.262037
0 0.601562 0.187037 0.035417 0.309259
0 0.646875 0.204167 0.035417 0.313889
