2 0.207292 0.036111 0.048958 0.037037
2 0.517188 0.012037 0.077083 0.022222
2 0.807552 0.418981 0.058854 0.078704
2 0.876823 0.447222 0.036979 0.070370
1 0.514844 0.255556 0.084896 0.509259
1 0.644792 0.190278 0.089583 0.378704
0 0.486719 0.244907 0.028646 0.487963
0 0.539062 0.255556 0.037500 0.509259
1 0.186198 0.168981 0.077604 0.336111
2 0.725260 0.378241 0.040104 0.080556
3 0.401042 0.604167 0.140625 0.536111
2 0.432812 0.275463 0.076042 0.078704
1 0.225000 0.198148 0.082292 0.325926
1 0.440365 0.443056 0.076563 0.319444
0 0.460417 0.433333 0.035417 0.288889
0 0.422135 0.442593 0.038021 0.309259
