3 0.327865 0.564815 0.144271 0.464815
2 0.112500 0.243519 0.030208 0.059259
2 0.217188 0.150926 0.056250 0.068519
2 0.406250 0.183796 0.078125 0.080556
2 0.498177 0.152315 0.070312 0.067593
2 0.732552 0.340278 0.048438 0.073148
2 0.794792 0.423611 0.052083 0.099074
2 0.864583 0.443056 0.047917 0.071296
1 0.626563 0.200463 0.093750 0.345370
1 0.491667 0.436574 0.061458 0.300926
1 0.415104 0.463889 0.078125 0.255556
1 0.320312 0.158796 0.069792 0.297222
0 0.336719 0.157407 0.042188 0.290741
0 0.433854 0.465741 0.044792 0.246296
0 0.394792 0.463889 0.050000 0.227778
0 0.469792 0.437500 0.027083 0.287963
0 0.508854 0.440741 0.027083 0.288889
0 0.602604 0.200926 0.041667 0.324074
0 0.651042 0.207870 0.034375 0.299074
