3 0.371615 0.591204 0.136979 0.434259
2 0.224740 0.247222 0.051562 0.079630
2 0.470313 0.296296 0.058333 0.083333
2 0.838281 0.426389 0.047396 0.067593
2 0.897917 0.460185 0.041667 0.061111
1 0.586719 0.191204 0.085938 0.339815
1 0.697656 0.211111 0.102604 0.364815
1 0.288802 0.157407 0.090104 0.290741
0 0.559635 0.183796 0.033854 0.330556
0 0.605729 0.193519 0.037500 0.331481
0 0.670052 0.216667 0.047396 0.351852
0 0.714063 0.218519 0.059375 0.348148
0 0.311458 0.162963 0.045833 0.287037
0 0.348698 0.753704 0.023438 0.179630
