3 0.351302 0.562963 0.140104 0.442593
2 0.108854 0.237037 0.019792 0.055556
2 0.422396 0.268519 0.078125 0.074074
2 0.723437 0.376389 0.047917 0.060185
2 0.806510 0.417593 0.040104 0.064815
2 0.878906 0.449074 0.033854 0.070370
1 0.640365 0.192593 0.081771 0.333333
1 0.513281 0.328704 0.079687 0.324074
1 0.433594 0.506944 0.063021 0.241667
1 0.327083 0.160648 0.088542 0.312037
0 0.347396 0.161574 0.046875 0.299074
0 0.417708 0.519444 0.036458 0.207407
0 0.450000 0.525463 0.032292 0.204630
0 0.486198 0.337037 0.026562 0.309259
0 0.534115 0.347222 0.031771 0.294444
0 0.616667 0.199537 0.037500 0.319444
0 0.660417 0.200926 0.041667 0.296296
