2 0.820312 0.428241 0.058333 0.075000
2 0.885417 0.455556 0.035417 0.068519
1 0.545833 0.209259 0.082292 0.416667
1 0.667708 0.193519 0.092708 0.385185
0 0.520573 0.202315 0.030729 0.402778
0 0.565625 0.209259 0.040625 0.416667
1 0.188021 0.239815 0.075000 0.233333
2 0.731771 0.380093 0.036458 0.069444
3 0.343490 0.575926 0.136979 0.462963
2 0.446875 0.300000 0.079167 0.081481
1 0.261458 0.166204 0.079167 0.330556
1 0.450781 0.477315 0.065104 0.336111
0 0.468490 0.480556 0.029687 0.325926
0 0.438802 0.471296 0.040104 0.327778
2 0.167187 0.127315 0.051042 0.034259
