3 0.358854 0.768981 0.148958 0.356481
2 0.215365 0.228241 0.048438 0.058333
2 0.465365 0.293519 0.054688 0.096296
2 0.755208 0.396296 0.066667 0.085185
2 0.832552 0.429630 0.041146 0.075926
2 0.896354 0.458796 0.044792 0.073148
1 0.222135 0.304167 0.049479 0.125000
1 0.460677 0.471759 0.059896 0.313889
1 0.572917 0.183796 0.083333 0.365741
1 0.685677 0.194907 0.098437 0.387963
0 0.447396 0.468056 0.032292 0.306481
0 0.479687 0.474537 0.020833 0.306481
0 0.547135 0.176389 0.032813 0.350926
0 0.595833 0.182870 0.036458 0.363889
