3 0.363281 0.551389 0.134896 0.449074
2 0.108073 0.243056 0.031771 0.060185
2 0.213021 0.071759 0.054167 0.037963
2 0.420833 0.260185 0.055208 0.092593
2 0.514583 0.056481 0.094792 0.066667
2 0.723177 0.377315 0.051562 0.073148
2 0.809115 0.409259 0.050521 0.072222
2 0.871094 0.446759 0.057813 0.065741
1 0.642188 0.194907 0.088542 0.350926
1 0.504427 0.352778 0.073438 0.359259
1 0.328385 0.168056 0.090104 0.308333
0 0.452604 0.525000 0.031250 0.172222
0 0.348958 0.156481 0.054167 0.305556
0 0.311458 0.153704 0.053125 0.292593
0 0.484115 0.346296 0.032813 0.346296
0 0.525000 0.356944 0.040625 0.337963
0 0.617448 0.196759 0.040104 0.349074
0 0.665625 0.202778 0.040625 0.329630
