3 0.396875 0.670833 0.171875 0.456481
2 0.180469 0.151389 0.049479 0.047222
2 0.450260 0.289352 0.057813 0.097222
2 0.745833 0.387037 0.071875 0.101852
2 0.821094 0.419907 0.043229 0.084259
2 0.887760 0.452778 0.047396 0.081481
1 0.196615 0.261574 0.065104 0.197222
1 0.455208 0.465278 0.066667 0.321296
1 0.550781 0.193056 0.089063 0.384259
1 0.668490 0.198611 0.098437 0.395370
0 0.443750 0.462963 0.042708 0.311111
0 0.476302 0.475000 0.030729 0.318519
0 0.528646 0.186111 0.032292 0.370370
0 0.574219 0.193519 0.038021 0.385185
