2 0.217188 0.208333 0.046875 0.055556
2 0.488542 0.206944 0.062500 0.080556
2 0.791667 0.416667 0.062500 0.072222
2 0.862240 0.441667 0.039062 0.072222
1 0.482292 0.418056 0.070833 0.410185
1 0.623698 0.188426 0.088021 0.375000
0 0.463281 0.408333 0.035937 0.387037
0 0.505208 0.423611 0.026042 0.393519
0 0.597917 0.173611 0.037500 0.345370
1 0.178385 0.142593 0.076563 0.283333
2 0.739323 0.281944 0.054688 0.082407
3 0.345052 0.755556 0.185938 0.488889
2 0.391146 0.121759 0.085417 0.054630
0 0.425521 0.745833 0.043750 0.254630
0 0.300260 0.844907 0.041146 0.173148
