3 0.354948 0.562037 0.154688 0.416667
2 0.112760 0.250926 0.028646 0.051852
2 0.205990 0.148611 0.049479 0.054630
2 0.397656 0.206019 0.063021 0.067593
2 0.501302 0.138889 0.094271 0.064815
2 0.727344 0.352315 0.050521 0.086111
1 0.632552 0.193981 0.088021 0.310185
1 0.497135 0.432870 0.068229 0.304630
1 0.416146 0.458333 0.066667 0.266667
1 0.317969 0.158333 0.081771 0.301852
0 0.655990 0.206481 0.039062 0.320370
0 0.607812 0.196296 0.036458 0.320370
0 0.511979 0.432870 0.023958 0.293519
0 0.469271 0.425000 0.030208 0.274074
0 0.435417 0.468056 0.035417 0.230556
