3 0.387760 0.676389 0.153646 0.432407
2 0.183854 0.162500 0.052083 0.054630
2 0.449740 0.289352 0.057813 0.097222
2 0.746354 0.387500 0.071875 0.102778
2 0.822135 0.420833 0.043229 0.084259
2 0.887760 0.453241 0.047396 0.080556
1 0.197135 0.265278 0.071354 0.195370
1 0.455729 0.466667 0.068750 0.318519
1 0.554167 0.191667 0.081250 0.381481
1 0.668490 0.198148 0.098437 0.394444
0 0.443490 0.462500 0.042188 0.310185
0 0.476562 0.471759 0.031250 0.313889
0 0.529427 0.171296 0.032813 0.340741
0 0.575260 0.192593 0.041146 0.383333
