2 0.205990 0.054630 0.048438 0.037037
2 0.517188 0.029630 0.077083 0.044444
2 0.805990 0.418056 0.058854 0.078704
2 0.874219 0.443519 0.036979 0.070370
1 0.508333 0.257870 0.084375 0.506481
1 0.644531 0.190278 0.090104 0.378704
0 0.483333 0.256944 0.031250 0.486111
0 0.532031 0.265278 0.038021 0.493519
1 0.186198 0.169907 0.077604 0.337963
2 0.724740 0.372222 0.040104 0.081481
3 0.401042 0.597222 0.126042 0.544444
2 0.427344 0.269444 0.078646 0.075926
0 0.461198 0.419907 0.035937 0.267593
1 0.222917 0.206019 0.078125 0.297222
0 0.409115 0.383333 0.025521 0.216667
1 0.438021 0.416667 0.082292 0.279630
