3 0.355990 0.564352 0.150521 0.415741
2 0.113802 0.252778 0.025521 0.057407
2 0.225781 0.228704 0.033854 0.070370
2 0.483594 0.245833 0.086979 0.084259
2 0.386458 0.080556 0.065625 0.055556
2 0.741406 0.248148 0.057813 0.075926
2 0.789583 0.410185 0.043750 0.079630
2 0.854688 0.438889 0.043750 0.053704
2 0.933854 0.446296 0.023958 0.046296
1 0.615365 0.185185 0.074479 0.318519
1 0.478906 0.490741 0.057813 0.262963
1 0.395052 0.368056 0.076563 0.313889
1 0.311458 0.162963 0.072917 0.303704
0 0.459635 0.493981 0.032813 0.252778
0 0.501823 0.502778 0.017188 0.248148
0 0.594792 0.182407 0.045833 0.335185
0 0.635938 0.197685 0.036458 0.325000
0 0.414844 0.376389 0.034896 0.287963
0 0.375781 0.372222 0.040104 0.279630
