2 0.205990 0.109722 0.049479 0.043519
2 0.505990 0.090741 0.069271 0.053704
2 0.799740 0.418519 0.067187 0.074074
2 0.870573 0.443519 0.036979 0.070370
1 0.497396 0.326389 0.083333 0.478704
1 0.635938 0.187963 0.089583 0.374074
0 0.473438 0.318519 0.034375 0.464815
0 0.522917 0.327315 0.030208 0.478704
0 0.610938 0.172685 0.037500 0.343519
1 0.182292 0.140741 0.077083 0.279630
2 0.724740 0.355556 0.044271 0.085185
3 0.389844 0.591667 0.120313 0.566667
2 0.412240 0.231944 0.081771 0.075000
0 0.439323 0.429630 0.028646 0.370370
1 0.222917 0.243056 0.063542 0.236111
