2 0.215365 0.199537 0.046354 0.043519
2 0.489583 0.198611 0.064583 0.075000
2 0.792188 0.415741 0.062500 0.072222
2 0.863802 0.443519 0.039062 0.072222
1 0.484375 0.406019 0.075000 0.410185
1 0.624740 0.188426 0.088021 0.375000
0 0.463281 0.401852 0.033854 0.398148
0 0.507031 0.414815 0.029687 0.401852
0 0.598437 0.172685 0.037500 0.343519
1 0.179167 0.142593 0.077083 0.283333
2 0.736458 0.302778 0.051042 0.081481
3 0.364323 0.687963 0.198437 0.472222
2 0.391146 0.138426 0.085417 0.056481
0 0.446094 0.739815 0.028646 0.274074
0 0.305469 0.818981 0.041146 0.173148
