2 0.202865 0.081019 0.047396 0.030556
2 0.514323 0.046296 0.079687 0.046296
2 0.803385 0.417130 0.058854 0.078704
2 0.873177 0.446296 0.036979 0.070370
1 0.508073 0.286574 0.085938 0.510185
1 0.642188 0.187500 0.089583 0.373148
0 0.482552 0.275000 0.033854 0.487037
0 0.530729 0.292130 0.040625 0.499074
0 0.616146 0.172685 0.037500 0.343519
1 0.185938 0.161574 0.077083 0.321296
2 0.725000 0.375926 0.043750 0.079630
3 0.401042 0.593519 0.126042 0.551852
2 0.422917 0.262500 0.082292 0.075000
0 0.453646 0.420370 0.037500 0.288889
1 0.221094 0.217593 0.076563 0.277778
