2 0.813281 0.424537 0.051562 0.069444
2 0.882552 0.452315 0.036979 0.069444
1 0.536458 0.235185 0.079167 0.468519
1 0.659375 0.193519 0.090625 0.385185
0 0.510156 0.222685 0.026562 0.443519
0 0.557031 0.235185 0.039062 0.468519
1 0.184115 0.210648 0.083854 0.293519
2 0.727344 0.379630 0.036979 0.070370
3 0.345313 0.572685 0.134375 0.467593
2 0.440365 0.294444 0.078646 0.081481
1 0.254167 0.182407 0.083333 0.362963
1 0.444792 0.458796 0.067708 0.302778
0 0.464062 0.462963 0.026042 0.292593
0 0.430208 0.460185 0.034375 0.307407
2 0.162240 0.077778 0.051562 0.035185
