3 0.359375 0.568519 0.131250 0.418519
2 0.108333 0.233333 0.030208 0.061111
2 0.428906 0.275926 0.066146 0.075926
2 0.724740 0.380093 0.045312 0.080556
2 0.805729 0.418056 0.039583 0.063889
2 0.873958 0.456019 0.039583 0.063889
1 0.644271 0.192130 0.092708 0.362037
1 0.507031 0.329167 0.073438 0.325000
1 0.428646 0.513426 0.073958 0.228704
1 0.330208 0.158796 0.085417 0.315741
0 0.347396 0.161111 0.040625 0.300000
0 0.450260 0.511574 0.040104 0.212037
0 0.417708 0.515741 0.036458 0.207407
0 0.487760 0.339352 0.027604 0.321296
0 0.533854 0.346759 0.032292 0.299074
0 0.613281 0.194444 0.038021 0.322222
0 0.667448 0.201389 0.040104 0.319444
