3 0.368229 0.752315 0.141667 0.384259
2 0.223958 0.242593 0.048958 0.057407
2 0.469010 0.293519 0.055729 0.096296
2 0.758854 0.400000 0.065625 0.081481
2 0.835156 0.431481 0.041146 0.075926
2 0.897396 0.465741 0.044792 0.064815
1 0.229687 0.308796 0.050000 0.100926
1 0.466927 0.476389 0.065104 0.325000
1 0.577083 0.185185 0.082292 0.368519
1 0.687500 0.201852 0.105208 0.401852
0 0.451562 0.471296 0.035417 0.311111
0 0.488802 0.481481 0.022396 0.316667
0 0.552865 0.185185 0.033854 0.368519
0 0.599740 0.181944 0.036979 0.362037
