3 0.273698 0.936574 0.209896 0.123148
2 0.238542 0.260648 0.050000 0.056481
2 0.475781 0.302778 0.056771 0.081481
2 0.780990 0.405556 0.048438 0.075926
2 0.846615 0.433333 0.039062 0.075926
2 0.907813 0.468519 0.042708 0.062963
1 0.472396 0.480093 0.063542 0.332407
1 0.598958 0.185185 0.086458 0.368519
1 0.718229 0.254630 0.121875 0.464815
0 0.457292 0.469444 0.033333 0.320370
0 0.493490 0.483796 0.023438 0.323148
0 0.573177 0.170370 0.036979 0.338889
1 0.170833 0.142593 0.082292 0.283333
2 0.749740 0.043981 0.067187 0.045370
