2 0.228125 0.243056 0.046875 0.054630
2 0.482292 0.257870 0.062500 0.080556
2 0.788542 0.417130 0.052083 0.071296
2 0.857292 0.443519 0.038542 0.072222
2 0.920312 0.455556 0.031250 0.051852
1 0.476562 0.455556 0.066667 0.368519
1 0.613542 0.185648 0.086458 0.369444
1 0.722135 0.356019 0.111979 0.313889
0 0.460938 0.442593 0.034375 0.351852
0 0.498437 0.458796 0.023958 0.363889
0 0.586719 0.180093 0.032813 0.358333
1 0.176042 0.139352 0.077083 0.276852
2 0.750521 0.214352 0.060417 0.047222
3 0.190885 0.893981 0.163021 0.206481
2 0.379688 0.039352 0.090625 0.036111
