3 0.360938 0.561111 0.154167 0.422222
2 0.111458 0.249074 0.032292 0.055556
2 0.218750 0.206944 0.041667 0.065741
2 0.487240 0.219907 0.070312 0.089815
2 0.391927 0.118519 0.064062 0.072222
2 0.735417 0.288426 0.062500 0.069444
2 0.792448 0.412963 0.038021 0.079630
2 0.859896 0.442593 0.052083 0.064815
1 0.622656 0.180556 0.078646 0.331481
1 0.482812 0.486111 0.057292 0.268519
1 0.401302 0.403241 0.084896 0.295370
1 0.316406 0.158333 0.077604 0.281481
0 0.464583 0.490278 0.020833 0.280556
0 0.420573 0.410648 0.045312 0.284259
0 0.383594 0.406481 0.043229 0.272222
0 0.501823 0.491667 0.017188 0.268519
0 0.597135 0.186574 0.034896 0.323148
0 0.646615 0.195370 0.034896 0.307407
