3 0.328385 0.650463 0.152604 0.423148
2 0.438021 0.295370 0.056250 0.077778
2 0.729167 0.381019 0.043750 0.067593
2 0.817969 0.420370 0.043229 0.072222
2 0.878646 0.451852 0.054167 0.061111
1 0.651302 0.202778 0.095312 0.337037
1 0.527604 0.248148 0.073958 0.383333
1 0.346354 0.170833 0.076042 0.302778
0 0.309635 0.739352 0.054688 0.212037
0 0.406510 0.629630 0.038021 0.120370
0 0.507292 0.244444 0.034375 0.377778
0 0.552865 0.256481 0.033854 0.370370
0 0.631771 0.198148 0.045833 0.338889
0 0.676042 0.204630 0.040625 0.322222
