3 0.399479 0.746759 0.144792 0.436111
2 0.188021 0.175000 0.051042 0.055556
2 0.452865 0.290278 0.058854 0.093519
2 0.748177 0.389815 0.070312 0.098148
2 0.825260 0.423148 0.042188 0.081481
2 0.889844 0.454630 0.046354 0.079630
1 0.202865 0.279167 0.064062 0.176852
1 0.455208 0.471759 0.062500 0.319444
1 0.557552 0.193056 0.083854 0.384259
1 0.670833 0.191204 0.098958 0.380556
0 0.439844 0.462963 0.030729 0.307407
0 0.473958 0.476389 0.026042 0.313889
0 0.532813 0.168981 0.033333 0.336111
0 0.582292 0.189352 0.034375 0.376852
