3 0.347396 0.555093 0.133333 0.452778
2 0.239063 0.258796 0.052083 0.071296
2 0.475521 0.295833 0.057292 0.089815
2 0.848958 0.435648 0.042708 0.073148
2 0.904687 0.462500 0.043750 0.071296
1 0.709375 0.316667 0.107292 0.342593
1 0.596354 0.196296 0.080208 0.348148
1 0.471094 0.539815 0.051562 0.268519
1 0.377604 0.209722 0.083333 0.345370
1 0.296875 0.162963 0.078125 0.292593
0 0.457031 0.526852 0.027604 0.229630
0 0.487500 0.551852 0.018750 0.242593
0 0.574219 0.187963 0.032813 0.337037
0 0.619010 0.195833 0.034896 0.326852
0 0.684896 0.311574 0.048958 0.317593
0 0.730208 0.327315 0.057292 0.295370
