3 0.395313 0.547222 0.104167 0.457407
2 0.100000 0.235648 0.034375 0.056481
2 0.428646 0.273611 0.058333 0.084259
2 0.730208 0.377778 0.038542 0.068519
2 0.808854 0.413426 0.063542 0.071296
2 0.874479 0.448611 0.054167 0.067593
1 0.643229 0.202778 0.093750 0.377778
1 0.507812 0.332407 0.062500 0.350000
1 0.328646 0.161111 0.090625 0.307407
0 0.349479 0.155556 0.047917 0.301852
0 0.461458 0.517593 0.029167 0.157407
0 0.490104 0.325926 0.025000 0.342593
0 0.530990 0.337500 0.036979 0.339815
0 0.619792 0.204630 0.042708 0.357407
0 0.666146 0.206481 0.041667 0.337037
