3 0.378646 0.833333 0.133333 0.325926
2 0.201042 0.201389 0.045833 0.065741
2 0.458854 0.292130 0.058333 0.097222
2 0.752083 0.392593 0.069792 0.098148
2 0.828385 0.426852 0.042188 0.081481
2 0.892708 0.456481 0.045833 0.079630
1 0.211198 0.294907 0.056771 0.147222
1 0.460677 0.474074 0.068229 0.329630
1 0.564844 0.192593 0.082812 0.383333
1 0.677865 0.197685 0.099479 0.393519
0 0.446094 0.469444 0.036979 0.314815
0 0.481250 0.478704 0.028125 0.318519
0 0.540365 0.178241 0.033854 0.354630
0 0.589063 0.186111 0.034375 0.370370
