3 0.396615 0.511574 0.080729 0.428704
2 0.094271 0.214815 0.017708 0.038889
2 0.433594 0.294907 0.053646 0.071296
2 0.731771 0.384722 0.037500 0.078704
2 0.813021 0.415741 0.047917 0.070370
2 0.876823 0.453241 0.057813 0.058333
1 0.648177 0.206481 0.093229 0.342593
1 0.523958 0.271296 0.085417 0.374074
1 0.335417 0.171759 0.083333 0.287963
0 0.455208 0.585648 0.031250 0.182407
0 0.497917 0.276389 0.029167 0.362037
0 0.544271 0.293056 0.029167 0.330556
0 0.629167 0.200463 0.044792 0.330556
0 0.673438 0.213889 0.042708 0.325926
