3 0.385677 0.797685 0.123438 0.341667
2 0.194531 0.191667 0.051562 0.055556
2 0.455208 0.294444 0.058333 0.094444
2 0.748437 0.393519 0.069792 0.098148
2 0.826562 0.425463 0.042708 0.080556
2 0.890885 0.456481 0.046354 0.079630
1 0.203385 0.285185 0.063021 0.157407
1 0.457292 0.475463 0.063542 0.330556
1 0.561979 0.193056 0.083333 0.384259
1 0.676823 0.195370 0.094271 0.388889
0 0.440104 0.469444 0.033333 0.320370
0 0.475260 0.481481 0.025521 0.320370
0 0.537760 0.178704 0.033854 0.355556
0 0.586458 0.188426 0.034375 0.375000
