3 0.104167 0.981019 0.101042 0.036111
2 0.233333 0.256481 0.050000 0.055556
2 0.479167 0.285648 0.062500 0.080556
2 0.784896 0.410185 0.048958 0.075926
2 0.851302 0.435185 0.041146 0.081481
2 0.909635 0.465741 0.042188 0.062963
1 0.474219 0.468981 0.063021 0.336111
1 0.607031 0.185185 0.085938 0.368519
1 0.723958 0.305093 0.122917 0.397222
0 0.458333 0.466667 0.033333 0.325926
0 0.495312 0.479630 0.020833 0.320370
0 0.581510 0.168056 0.035937 0.334259
1 0.176823 0.140741 0.080729 0.279630
2 0.753385 0.122222 0.063021 0.046296
