3 0.389583 0.681019 0.148958 0.421296
2 0.185156 0.168519 0.051562 0.055556
2 0.453385 0.289352 0.057813 0.097222
2 0.746354 0.387963 0.071875 0.103704
2 0.823698 0.421759 0.043229 0.084259
2 0.888281 0.453241 0.047396 0.080556
1 0.197396 0.269907 0.063542 0.186111
1 0.456771 0.468519 0.068750 0.318519
1 0.554167 0.191667 0.081250 0.381481
1 0.669531 0.197685 0.098437 0.393519
0 0.443490 0.462037 0.042188 0.309259
0 0.477083 0.472685 0.031250 0.313889
0 0.529167 0.170833 0.033333 0.339815
0 0.574740 0.192593 0.041146 0.383333
