3 0.367448 0.752778 0.140104 0.385185
2 0.231510 0.254167 0.050521 0.054630
2 0.471615 0.293519 0.057813 0.096296
2 0.761979 0.400463 0.065625 0.080556
2 0.837760 0.431481 0.042188 0.075926
2 0.899740 0.467593 0.045312 0.064815
1 0.237240 0.312500 0.045312 0.093519
1 0.469010 0.473148 0.059896 0.320370
1 0.581510 0.185185 0.085938 0.368519
1 0.694792 0.204167 0.104167 0.406481
0 0.454688 0.468056 0.033333 0.310185
0 0.487760 0.480093 0.020313 0.313889
0 0.557031 0.176389 0.036979 0.350926
0 0.604688 0.183333 0.038542 0.364815
