3 0.292448 0.713426 0.135937 0.450926
2 0.441406 0.293056 0.058854 0.095370
2 0.731510 0.381019 0.041146 0.076852
2 0.814583 0.420370 0.057292 0.072222
2 0.882552 0.450000 0.049479 0.064815
1 0.658073 0.200926 0.084896 0.340741
1 0.532813 0.243519 0.085417 0.374074
1 0.344271 0.160648 0.072917 0.302778
0 0.263802 0.758796 0.054688 0.150926
0 0.397396 0.727778 0.047917 0.125926
0 0.508854 0.243981 0.031250 0.376852
0 0.556771 0.251852 0.039583 0.372222
0 0.634635 0.201389 0.045312 0.334259
0 0.675260 0.211111 0.049479 0.320370
