3 0.403125 0.500000 0.093750 0.444444
2 0.098437 0.227315 0.041667 0.047222
2 0.437240 0.280556 0.053646 0.083333
2 0.724219 0.384722 0.040104 0.082407
2 0.811979 0.416667 0.054167 0.061111
2 0.880469 0.446759 0.050521 0.063889
1 0.649219 0.202778 0.092188 0.359259
1 0.516667 0.292593 0.078125 0.368519
1 0.332292 0.165278 0.077083 0.299074
0 0.352604 0.156019 0.050000 0.287963
0 0.463802 0.550463 0.032813 0.202778
0 0.492969 0.287500 0.028646 0.356481
0 0.544271 0.300463 0.035417 0.352778
0 0.626042 0.191667 0.041667 0.351852
0 0.672656 0.206019 0.039062 0.330556
