2 0.215365 0.199074 0.046354 0.044444
2 0.489063 0.197685 0.064583 0.075000
2 0.792188 0.415741 0.062500 0.072222
2 0.863542 0.443519 0.038542 0.072222
1 0.484375 0.406019 0.075000 0.410185
1 0.624740 0.188426 0.088021 0.375000
0 0.462760 0.401852 0.033854 0.398148
0 0.506771 0.414815 0.029167 0.401852
0 0.597917 0.172685 0.037500 0.343519
1 0.179167 0.142593 0.077083 0.283333
2 0.735938 0.302315 0.051042 0.080556
3 0.368490 0.658796 0.196354 0.436111
2 0.392188 0.143519 0.085417 0.055556
0 0.446094 0.739815 0.028646 0.274074
0 0.305469 0.818056 0.041146 0.173148
