3 0.378125 0.568981 0.121875 0.441667
2 0.103125 0.225000 0.025000 0.064815
2 0.432031 0.279630 0.074479 0.088889
2 0.727865 0.381944 0.044271 0.075000
2 0.807813 0.413426 0.040625 0.071296
2 0.876042 0.449537 0.035417 0.071296
1 0.643229 0.193981 0.088542 0.352778
1 0.519271 0.312037 0.067708 0.318519
1 0.332292 0.161574 0.078125 0.291667
0 0.355469 0.164815 0.048438 0.285185
0 0.492448 0.313889 0.021354 0.307407
0 0.538021 0.317130 0.031250 0.297222
0 0.619792 0.188889 0.040625 0.342593
0 0.669531 0.206481 0.040104 0.329630
