2 0.203125 0.056481 0.048958 0.037037
2 0.517188 0.029630 0.077083 0.044444
2 0.805990 0.418056 0.058854 0.078704
2 0.874219 0.443519 0.036979 0.070370
1 0.507812 0.275000 0.084375 0.507407
1 0.642448 0.190278 0.090104 0.378704
0 0.483854 0.261574 0.031250 0.486111
0 0.530469 0.270833 0.038021 0.493519
1 0.186198 0.170370 0.077604 0.338889
2 0.724740 0.372685 0.040104 0.082407
3 0.401042 0.597685 0.126042 0.543519
2 0.427344 0.270370 0.078646 0.075926
0 0.458594 0.431019 0.030729 0.289815
1 0.222917 0.206019 0.078125 0.297222
0 0.409115 0.384259 0.025521 0.216667
1 0.435417 0.427315 0.077083 0.300926
