3 0.386198 0.806481 0.122396 0.338889
2 0.195312 0.192593 0.051042 0.055556
2 0.455729 0.293519 0.058333 0.094444
2 0.748437 0.394444 0.069792 0.098148
2 0.826562 0.425926 0.042708 0.081481
2 0.891406 0.456481 0.046354 0.079630
1 0.203385 0.285648 0.063021 0.156481
1 0.457292 0.475000 0.063542 0.331481
1 0.562500 0.193056 0.083333 0.384259
1 0.676302 0.195833 0.095312 0.389815
0 0.439844 0.468519 0.032813 0.320370
0 0.474740 0.480556 0.025521 0.320370
0 0.538281 0.178704 0.033854 0.355556
0 0.586979 0.188426 0.034375 0.375000
