3 0.367188 0.819907 0.152083 0.308333
2 0.207031 0.214352 0.054688 0.069444
2 0.460938 0.292593 0.060417 0.096296
2 0.752083 0.394444 0.069792 0.098148
2 0.830208 0.429167 0.042708 0.080556
2 0.894010 0.456481 0.045312 0.079630
1 0.214583 0.297685 0.058333 0.137963
1 0.462760 0.474537 0.067187 0.330556
1 0.567708 0.185185 0.082292 0.368519
1 0.680208 0.197685 0.101042 0.393519
0 0.447135 0.461574 0.034896 0.299074
0 0.483333 0.480556 0.027083 0.314815
0 0.543229 0.177778 0.033333 0.353704
0 0.591927 0.183796 0.034896 0.365741
