3 0.355469 0.561574 0.144271 0.437963
2 0.112760 0.254167 0.024479 0.052778
2 0.217708 0.201389 0.045833 0.058333
2 0.386719 0.131019 0.058854 0.071296
2 0.483594 0.215741 0.096354 0.079630
2 0.734375 0.302315 0.056250 0.071296
2 0.790885 0.406019 0.045312 0.080556
2 0.859375 0.443519 0.048958 0.066667
1 0.620313 0.187037 0.080208 0.325926
1 0.482812 0.476852 0.062500 0.281481
1 0.401562 0.400463 0.075000 0.315741
1 0.317969 0.155556 0.072396 0.288889
0 0.598437 0.186574 0.038542 0.317593
0 0.644792 0.204167 0.041667 0.310185
0 0.502344 0.479167 0.025521 0.265741
0 0.463281 0.476852 0.024479 0.257407
0 0.421875 0.412037 0.040625 0.294444
0 0.381250 0.393519 0.036458 0.259259
