2 0.817969 0.428241 0.057813 0.075000
2 0.884115 0.454630 0.035937 0.068519
1 0.542188 0.212963 0.078125 0.424074
1 0.664844 0.193981 0.092188 0.386111
0 0.516406 0.200463 0.026562 0.399074
0 0.562500 0.212963 0.038542 0.424074
1 0.186719 0.227778 0.079687 0.251852
2 0.729688 0.381944 0.032292 0.062037
3 0.343490 0.575926 0.136979 0.462963
2 0.442969 0.295370 0.079687 0.081481
1 0.259896 0.170370 0.082292 0.338889
1 0.447396 0.475463 0.066667 0.332407
0 0.467187 0.476389 0.027083 0.319444
0 0.429948 0.473611 0.031771 0.330556
2 0.161719 0.103241 0.051562 0.034259
