3 0.121875 0.977315 0.108333 0.045370
2 0.235417 0.259722 0.050000 0.056481
2 0.479167 0.288426 0.062500 0.086111
2 0.784635 0.410185 0.048438 0.075926
2 0.850260 0.435648 0.041146 0.078704
2 0.908854 0.469444 0.042708 0.062963
1 0.473698 0.468981 0.063021 0.336111
1 0.605729 0.185185 0.086458 0.368519
1 0.722135 0.289815 0.125521 0.429630
0 0.458333 0.465741 0.033333 0.325926
0 0.495052 0.479630 0.021354 0.320370
0 0.579688 0.168519 0.035417 0.335185
1 0.173958 0.141204 0.081250 0.280556
2 0.751042 0.099074 0.064583 0.057407
