2 0.228125 0.243056 0.046875 0.054630
2 0.482292 0.260185 0.062500 0.081481
2 0.788542 0.416204 0.052083 0.071296
2 0.857292 0.443519 0.038542 0.072222
2 0.919792 0.455556 0.031250 0.051852
1 0.476562 0.457407 0.066667 0.368519
1 0.612240 0.181481 0.082812 0.361111
1 0.721615 0.355556 0.114062 0.318519
0 0.460938 0.442593 0.034375 0.351852
0 0.497656 0.460648 0.024479 0.363889
0 0.588021 0.167130 0.035417 0.332407
1 0.174740 0.139815 0.076563 0.277778
2 0.751042 0.214352 0.060417 0.052778
3 0.182292 0.919444 0.172917 0.159259
2 0.380208 0.039815 0.091667 0.040741
