3 0.348958 0.550463 0.134375 0.443519
2 0.236979 0.253704 0.048958 0.074074
2 0.472135 0.303241 0.060937 0.091667
2 0.846094 0.432870 0.044271 0.067593
2 0.905208 0.466667 0.035417 0.061111
1 0.711458 0.330093 0.105208 0.308333
1 0.601042 0.198148 0.083333 0.335185
1 0.471094 0.533796 0.055729 0.247222
1 0.382812 0.227315 0.087500 0.347222
1 0.301302 0.159722 0.094271 0.286111
0 0.457292 0.532407 0.025000 0.225926
0 0.485938 0.539352 0.018750 0.226852
0 0.578125 0.188889 0.032292 0.335185
0 0.622396 0.187963 0.031250 0.324074
0 0.685937 0.327315 0.052083 0.284259
0 0.723958 0.348148 0.054167 0.275926
