2 0.225000 0.234722 0.046875 0.056481
2 0.482292 0.253241 0.062500 0.080556
2 0.789844 0.418056 0.051562 0.071296
2 0.858594 0.442593 0.039062 0.072222
2 0.923958 0.455556 0.031250 0.051852
1 0.477344 0.443056 0.069271 0.382407
1 0.614062 0.184259 0.086458 0.366667
1 0.721615 0.376852 0.110937 0.298148
0 0.460938 0.434722 0.034375 0.362037
0 0.499740 0.453241 0.023438 0.363889
0 0.587240 0.180093 0.032813 0.358333
1 0.175521 0.143056 0.077083 0.284259
2 0.748958 0.231481 0.062500 0.059259
3 0.201042 0.868519 0.141667 0.261111
0 0.270573 0.842130 0.100521 0.154630
2 0.381250 0.057870 0.089583 0.039815
