3 0.371094 0.752315 0.146354 0.384259
2 0.229948 0.250926 0.050521 0.053704
2 0.470833 0.293519 0.058333 0.096296
2 0.761458 0.401389 0.065625 0.080556
2 0.836719 0.432407 0.042188 0.075926
2 0.899740 0.467593 0.045312 0.064815
1 0.236198 0.313426 0.046354 0.091667
1 0.467448 0.474074 0.059896 0.322222
1 0.580208 0.185648 0.085417 0.369444
1 0.693229 0.204630 0.104167 0.407407
0 0.453385 0.468056 0.032813 0.310185
0 0.487240 0.479167 0.020313 0.313889
0 0.555990 0.176852 0.036979 0.351852
0 0.603906 0.184259 0.038021 0.366667
