3 0.354687 0.562963 0.141667 0.427778
2 0.114062 0.250000 0.029167 0.055556
2 0.219010 0.218056 0.043229 0.075000
2 0.385677 0.092130 0.068229 0.067593
2 0.486458 0.228704 0.075000 0.096296
2 0.735677 0.278241 0.040104 0.062037
2 0.788021 0.413889 0.036458 0.077778
2 0.863542 0.447222 0.038542 0.061111
1 0.623177 0.194907 0.078646 0.323148
1 0.477083 0.494907 0.069792 0.284259
1 0.398438 0.386111 0.073958 0.309259
1 0.319792 0.157407 0.080208 0.285185
0 0.463802 0.502778 0.023438 0.290741
0 0.500781 0.501389 0.019271 0.267593
0 0.601302 0.194907 0.035937 0.330556
0 0.642708 0.202315 0.037500 0.313889
0 0.418229 0.387963 0.034375 0.277778
0 0.381510 0.383333 0.039062 0.275926
