3 0.334896 0.596296 0.157292 0.372222
2 0.435417 0.290278 0.057292 0.073148
2 0.726562 0.386574 0.045833 0.069444
2 0.818229 0.417593 0.048958 0.074074
2 0.877604 0.443519 0.041667 0.062963
1 0.530469 0.264352 0.073438 0.360185
1 0.656510 0.195370 0.086979 0.346296
1 0.339062 0.162963 0.080208 0.312963
0 0.330990 0.728241 0.053646 0.225000
0 0.411979 0.594907 0.034375 0.106481
0 0.505208 0.252315 0.030208 0.373148
0 0.553125 0.263426 0.031250 0.363889
0 0.628646 0.197685 0.039583 0.339815
0 0.676823 0.212037 0.050521 0.322222
