2 0.179688 0.153241 0.051042 0.043519
2 0.448698 0.292593 0.060937 0.092593
2 0.746354 0.388889 0.079167 0.098148
2 0.822396 0.427778 0.042708 0.074074
2 0.887760 0.453704 0.048438 0.079630
3 0.398177 0.667130 0.184896 0.467593
0 0.441667 0.470833 0.035417 0.310185
0 0.474219 0.475926 0.025521 0.318519
0 0.525521 0.193519 0.027083 0.385185
0 0.571615 0.197685 0.032813 0.393519
1 0.455208 0.474074 0.064583 0.322222
1 0.196875 0.266667 0.070833 0.205556
1 0.668490 0.195833 0.094271 0.389815
1 0.550260 0.197685 0.078646 0.393519
