3 0.354167 0.557407 0.165625 0.435185
2 0.113281 0.251389 0.031771 0.043519
2 0.212240 0.123148 0.061979 0.064815
2 0.407813 0.216204 0.063542 0.073148
2 0.502083 0.109722 0.098958 0.058333
2 0.728125 0.360648 0.056250 0.071296
2 0.798698 0.415278 0.046354 0.063889
2 0.870573 0.447685 0.042188 0.054630
1 0.635417 0.185648 0.084375 0.369444
1 0.495573 0.404630 0.066146 0.338889
1 0.328385 0.157407 0.079687 0.296296
0 0.440104 0.476852 0.034375 0.244444
0 0.470313 0.415278 0.018750 0.306481
0 0.515365 0.416204 0.023438 0.317593
0 0.612760 0.194907 0.040104 0.350926
0 0.656250 0.205556 0.046875 0.355556
0 0.348958 0.162963 0.054167 0.287037
0 0.315625 0.163889 0.054167 0.277778
