2 0.823438 0.431019 0.058333 0.075000
2 0.887240 0.455556 0.035937 0.068519
1 0.554688 0.202315 0.080208 0.402778
1 0.671094 0.193519 0.092188 0.385185
0 0.529687 0.201852 0.030208 0.401852
0 0.574219 0.193519 0.042188 0.385185
2 0.734115 0.386111 0.032813 0.059259
3 0.343490 0.575926 0.136979 0.462963
2 0.448958 0.300000 0.079167 0.081481
1 0.272917 0.156019 0.078125 0.310185
1 0.454167 0.468981 0.066667 0.321296
0 0.473438 0.471759 0.027083 0.310185
0 0.437240 0.467130 0.031771 0.317593
2 0.177865 0.175926 0.051562 0.033333
