3 0.370573 0.750926 0.148438 0.387037
2 0.226823 0.252778 0.050521 0.053704
2 0.469531 0.293519 0.057813 0.096296
2 0.759896 0.400463 0.065625 0.080556
2 0.836458 0.432407 0.041667 0.075926
2 0.899479 0.466667 0.044792 0.064815
1 0.234115 0.310185 0.048438 0.098148
1 0.466667 0.475000 0.061458 0.324074
1 0.578906 0.186574 0.084896 0.371296
1 0.689844 0.203704 0.107813 0.405556
0 0.452083 0.468981 0.033333 0.310185
0 0.487500 0.479167 0.019792 0.313889
0 0.554167 0.182870 0.034375 0.363889
0 0.601823 0.182407 0.039062 0.362963
