3 0.399479 0.739815 0.145833 0.450000
2 0.186458 0.170370 0.051042 0.055556
2 0.452865 0.291204 0.057813 0.097222
2 0.746094 0.390741 0.070312 0.098148
2 0.824740 0.423611 0.042188 0.080556
2 0.889062 0.453241 0.047917 0.080556
1 0.201823 0.277315 0.066146 0.180556
1 0.458333 0.470833 0.067708 0.323148
1 0.556250 0.191204 0.081250 0.380556
1 0.671354 0.193519 0.096875 0.385185
0 0.445312 0.464352 0.040625 0.306481
0 0.476042 0.474074 0.030208 0.318519
0 0.532031 0.169444 0.032813 0.337037
0 0.581250 0.189352 0.034375 0.376852
