3 0.384896 0.531019 0.104167 0.443519
2 0.109896 0.246296 0.034375 0.059259
2 0.425521 0.266204 0.067708 0.075000
2 0.725521 0.377315 0.051042 0.078704
2 0.807552 0.419907 0.043229 0.067593
2 0.875000 0.446759 0.050000 0.060185
1 0.637760 0.193519 0.091146 0.337037
1 0.505990 0.333796 0.073438 0.363889
1 0.332031 0.156481 0.079687 0.307407
0 0.352865 0.167130 0.045312 0.273148
0 0.460677 0.521759 0.031771 0.178704
0 0.488281 0.335648 0.024479 0.337963
0 0.527604 0.337500 0.029167 0.345370
0 0.617708 0.191667 0.036458 0.344444
0 0.663542 0.200463 0.044792 0.321296
