2 0.809635 0.420833 0.058854 0.075000
2 0.877865 0.449537 0.036979 0.069444
1 0.522396 0.247685 0.082292 0.493519
1 0.652083 0.192593 0.090625 0.383333
0 0.494792 0.235185 0.029167 0.468519
0 0.544010 0.245370 0.036979 0.488889
1 0.183073 0.175926 0.077604 0.335185
2 0.727344 0.381019 0.034896 0.065741
3 0.364323 0.574074 0.169271 0.481481
2 0.434115 0.282870 0.078646 0.084259
1 0.232813 0.181481 0.082292 0.361111
1 0.437240 0.467593 0.060937 0.333333
0 0.455990 0.467593 0.022396 0.318519
0 0.424740 0.467593 0.035937 0.333333
