2 0.205990 0.120833 0.049479 0.043519
2 0.505990 0.096296 0.069271 0.053704
2 0.797396 0.418519 0.066667 0.074074
2 0.867969 0.443056 0.042188 0.073148
1 0.496615 0.330556 0.078646 0.470370
1 0.635938 0.187963 0.089583 0.374074
0 0.474219 0.322685 0.033854 0.456481
0 0.521615 0.334722 0.027604 0.463889
0 0.610938 0.172685 0.037500 0.343519
1 0.182292 0.140741 0.077083 0.279630
2 0.724740 0.356481 0.044271 0.085185
3 0.388021 0.589815 0.123958 0.570370
2 0.412760 0.231944 0.081771 0.075000
0 0.439323 0.429630 0.028646 0.370370
1 0.222396 0.243056 0.063542 0.236111
