3 0.358594 0.565741 0.147396 0.435185
2 0.114844 0.248611 0.031771 0.049074
2 0.213021 0.184722 0.044792 0.060185
2 0.394531 0.158796 0.069271 0.067593
2 0.487760 0.176389 0.079687 0.065741
2 0.731250 0.326389 0.054167 0.073148
2 0.794010 0.404630 0.040104 0.074074
2 0.863281 0.448611 0.042188 0.069444
1 0.623698 0.187037 0.083854 0.333333
1 0.482031 0.457407 0.064062 0.301852
1 0.409375 0.431481 0.059375 0.290741
1 0.314063 0.152315 0.085417 0.299074
0 0.385417 0.424074 0.040625 0.272222
0 0.428125 0.439352 0.034375 0.280556
0 0.462500 0.451852 0.027083 0.270370
0 0.504687 0.460648 0.017708 0.282407
0 0.601823 0.188426 0.035937 0.326852
0 0.648958 0.203241 0.031250 0.315741
