3 0.356771 0.544907 0.135417 0.441667
2 0.106510 0.245833 0.044271 0.058333
2 0.207292 0.064352 0.052083 0.045370
2 0.419792 0.258796 0.063542 0.076852
2 0.519531 0.050926 0.093229 0.055556
2 0.717969 0.378704 0.052604 0.072222
2 0.806771 0.418981 0.039583 0.069444
2 0.873177 0.446759 0.053646 0.065741
1 0.640365 0.198148 0.096354 0.357407
1 0.504948 0.350463 0.077604 0.349074
1 0.329167 0.161111 0.083333 0.296296
0 0.346354 0.159722 0.038542 0.286111
0 0.453646 0.517593 0.027083 0.175926
0 0.485156 0.341667 0.027604 0.342593
0 0.532292 0.360648 0.034375 0.336111
0 0.617708 0.197222 0.042708 0.351852
0 0.667448 0.208333 0.048438 0.337037
