3 0.357292 0.569907 0.120833 0.441667
2 0.102865 0.231481 0.040104 0.057407
2 0.427344 0.272222 0.068229 0.083333
2 0.726562 0.378241 0.045833 0.067593
2 0.805208 0.418981 0.050000 0.065741
2 0.878906 0.450463 0.029687 0.067593
1 0.640365 0.193519 0.088021 0.338889
1 0.512500 0.329167 0.073958 0.325000
1 0.434896 0.512037 0.076042 0.231481
1 0.332292 0.171759 0.073958 0.302778
0 0.347656 0.163426 0.048438 0.306481
0 0.452604 0.516667 0.038542 0.218519
0 0.420312 0.517130 0.042708 0.210185
0 0.490885 0.337963 0.022396 0.307407
0 0.536719 0.338889 0.029687 0.292593
0 0.615885 0.193056 0.039062 0.326852
0 0.665885 0.201389 0.039062 0.312037
