3 0.354687 0.551389 0.135417 0.441667
2 0.109635 0.246759 0.034896 0.071296
2 0.223438 0.073148 0.075000 0.062963
2 0.415104 0.242593 0.060417 0.107407
2 0.511979 0.057407 0.105208 0.053704
2 0.724219 0.378241 0.048438 0.084259
2 0.806771 0.411574 0.050000 0.080556
2 0.869010 0.447685 0.051562 0.073148
1 0.639323 0.197685 0.086979 0.339815
1 0.500260 0.367593 0.074479 0.338889
1 0.325260 0.160648 0.085938 0.302778
0 0.343750 0.160185 0.051042 0.292593
0 0.446875 0.530093 0.030208 0.162037
0 0.478646 0.359259 0.036458 0.320370
0 0.523438 0.376389 0.027083 0.317593
0 0.617969 0.203241 0.033854 0.323148
0 0.661198 0.209259 0.040104 0.329630
