3 0.104167 0.981019 0.101042 0.036111
2 0.232292 0.258333 0.050000 0.055556
2 0.479167 0.284722 0.062500 0.080556
2 0.785937 0.411111 0.048958 0.075926
2 0.852083 0.437037 0.041667 0.081481
2 0.909635 0.466667 0.042188 0.062963
1 0.473698 0.473611 0.064062 0.362037
1 0.607292 0.185185 0.086458 0.368519
1 0.722917 0.306944 0.123958 0.393519
0 0.456771 0.457407 0.030208 0.329630
0 0.494271 0.480093 0.021875 0.347222
0 0.580990 0.168056 0.035937 0.334259
1 0.177344 0.140741 0.080729 0.279630
2 0.752865 0.124537 0.063021 0.045370
