2 0.815885 0.427315 0.057813 0.075000
2 0.882292 0.451389 0.036458 0.069444
1 0.538021 0.235185 0.079167 0.468519
1 0.660417 0.195833 0.091667 0.389815
0 0.510938 0.222685 0.026042 0.443519
0 0.557813 0.235185 0.038542 0.468519
1 0.185156 0.223611 0.081771 0.267593
2 0.727344 0.379630 0.036979 0.070370
3 0.345313 0.573611 0.134375 0.469444
2 0.441927 0.295370 0.078646 0.081481
1 0.256771 0.172222 0.082292 0.342593
1 0.444792 0.456944 0.067708 0.302778
0 0.464062 0.463889 0.026042 0.294444
0 0.430208 0.461111 0.034375 0.305556
2 0.162240 0.095370 0.051562 0.035185
