2 0.223438 0.229167 0.046875 0.056481
2 0.482292 0.242130 0.062500 0.080556
2 0.792188 0.415278 0.051042 0.071296
2 0.859635 0.440278 0.043229 0.071296
1 0.479167 0.437037 0.069792 0.381481
1 0.619792 0.182407 0.086458 0.362963
0 0.463021 0.429167 0.034375 0.362037
0 0.500521 0.444444 0.023958 0.364815
0 0.593490 0.178704 0.034896 0.355556
1 0.176042 0.143056 0.077083 0.284259
2 0.748437 0.245370 0.062500 0.059259
3 0.288542 0.829630 0.218750 0.340741
0 0.276042 0.795833 0.093750 0.236111
2 0.382552 0.077778 0.088021 0.040741
