3 0.349219 0.562963 0.136979 0.429630
2 0.111198 0.248148 0.039062 0.053704
2 0.221094 0.206481 0.039062 0.072222
2 0.385417 0.106481 0.059375 0.057407
2 0.488542 0.218519 0.083333 0.085185
2 0.734896 0.287500 0.046875 0.071296
2 0.795312 0.411574 0.046875 0.095370
2 0.858073 0.441667 0.048438 0.072222
1 0.621354 0.183333 0.080208 0.337037
1 0.479948 0.483333 0.056771 0.251852
1 0.398958 0.396759 0.071875 0.287963
1 0.316146 0.165741 0.069792 0.290741
0 0.462500 0.485648 0.027083 0.252778
0 0.501563 0.484259 0.025000 0.240741
0 0.598437 0.192593 0.034375 0.314815
0 0.644010 0.197685 0.036979 0.315741
0 0.418229 0.400463 0.038542 0.280556
0 0.383073 0.397222 0.038021 0.264815
