3 0.361198 0.556019 0.150521 0.450926
2 0.107552 0.244444 0.035937 0.048148
2 0.217448 0.073148 0.058854 0.048148
2 0.420833 0.249074 0.062500 0.083333
2 0.515365 0.058796 0.088021 0.073148
2 0.721875 0.382870 0.054167 0.080556
2 0.806510 0.416667 0.042188 0.079630
2 0.872917 0.454167 0.046875 0.067593
1 0.641146 0.197685 0.089583 0.358333
1 0.501823 0.362963 0.078646 0.353704
1 0.323698 0.155093 0.100521 0.308333
0 0.348698 0.162500 0.050521 0.299074
0 0.445573 0.511111 0.034896 0.201852
0 0.479948 0.361574 0.030729 0.326852
0 0.526823 0.373148 0.028646 0.329630
0 0.616146 0.199537 0.037500 0.336111
0 0.662760 0.204630 0.043229 0.322222
