3 0.094531 0.982870 0.091146 0.034259
2 0.231510 0.255093 0.048438 0.052778
2 0.479167 0.282870 0.062500 0.080556
2 0.785417 0.410185 0.048958 0.075926
2 0.853385 0.438889 0.038021 0.072222
2 0.910677 0.461574 0.039062 0.062037
1 0.473438 0.471759 0.063542 0.362037
1 0.607031 0.182870 0.082812 0.363889
1 0.723437 0.315278 0.122917 0.375000
0 0.456771 0.453704 0.030208 0.329630
0 0.494271 0.478241 0.021875 0.347222
0 0.583594 0.168056 0.035937 0.334259
1 0.180208 0.142130 0.076042 0.282407
2 0.751823 0.144444 0.063021 0.044444
