3 0.348177 0.571759 0.154688 0.452778
2 0.111719 0.240278 0.033854 0.062037
2 0.417969 0.251389 0.076563 0.089815
2 0.511719 0.059259 0.071354 0.051852
2 0.726823 0.375926 0.042188 0.083333
2 0.802865 0.412963 0.049479 0.077778
2 0.872135 0.443056 0.040104 0.080556
1 0.637240 0.188889 0.088021 0.357407
1 0.498437 0.362037 0.062500 0.318519
1 0.426823 0.494444 0.074479 0.235185
1 0.328125 0.158796 0.075000 0.302778
0 0.405469 0.492130 0.039062 0.234259
0 0.447135 0.495833 0.040104 0.226852
0 0.479427 0.360185 0.020313 0.307407
0 0.522917 0.363889 0.013542 0.312963
0 0.611198 0.187037 0.042188 0.351852
0 0.659896 0.200000 0.036458 0.340741
