2 0.809635 0.417130 0.058854 0.075000
2 0.877865 0.449074 0.036979 0.068519
1 0.521615 0.247685 0.082812 0.493519
1 0.651563 0.192593 0.090625 0.383333
0 0.494792 0.235185 0.029167 0.468519
0 0.543490 0.245833 0.036979 0.489815
1 0.182031 0.171296 0.077604 0.335185
2 0.727344 0.381944 0.034896 0.065741
3 0.376823 0.573148 0.194271 0.479630
2 0.434635 0.283796 0.078646 0.084259
1 0.232292 0.181944 0.082292 0.362037
1 0.432292 0.467593 0.066667 0.331481
0 0.455990 0.457407 0.021354 0.311111
0 0.422396 0.467593 0.044792 0.333333
