3 0.386458 0.821759 0.132292 0.326852
2 0.198437 0.200463 0.044792 0.062037
2 0.457552 0.293056 0.059896 0.095370
2 0.751302 0.393519 0.070312 0.098148
2 0.827083 0.426852 0.042708 0.081481
2 0.891927 0.456481 0.046354 0.079630
1 0.209635 0.292593 0.060937 0.153704
1 0.459115 0.475463 0.066146 0.332407
1 0.564063 0.193056 0.082292 0.384259
1 0.677344 0.197685 0.099479 0.393519
0 0.444531 0.471759 0.039062 0.328704
0 0.478385 0.480093 0.026562 0.319444
0 0.539844 0.178704 0.033854 0.355556
0 0.589063 0.187500 0.034375 0.373148
