3 0.338802 0.831481 0.181771 0.331481
2 0.238542 0.261111 0.050000 0.055556
2 0.476302 0.301389 0.056771 0.080556
2 0.770052 0.406481 0.064062 0.077778
2 0.844010 0.431481 0.039062 0.075926
2 0.904687 0.468519 0.042708 0.062963
1 0.473177 0.473611 0.059896 0.319444
1 0.594531 0.183333 0.082812 0.364815
1 0.712760 0.237963 0.122396 0.474074
0 0.457813 0.468519 0.029167 0.316667
0 0.491927 0.481019 0.021354 0.312037
0 0.569531 0.172685 0.032813 0.343519
0 0.617708 0.185185 0.038542 0.368519
1 0.174479 0.143519 0.072917 0.285185
