2 0.204687 0.058796 0.052083 0.036111
2 0.516667 0.031481 0.079167 0.046296
2 0.805990 0.418056 0.058854 0.078704
2 0.874219 0.444444 0.036979 0.070370
1 0.508333 0.275463 0.084375 0.508333
1 0.642448 0.190278 0.090104 0.378704
0 0.483594 0.264815 0.033854 0.485185
0 0.530469 0.280556 0.040104 0.500000
1 0.186198 0.170833 0.077604 0.339815
2 0.725260 0.373148 0.040104 0.083333
3 0.401042 0.598148 0.126042 0.542593
2 0.427344 0.271296 0.078646 0.075926
0 0.458594 0.431019 0.030729 0.289815
1 0.222917 0.205556 0.073958 0.298148
0 0.409635 0.385185 0.025521 0.216667
1 0.435417 0.427315 0.077083 0.300926
