2 0.812240 0.419907 0.058854 0.075000
2 0.879427 0.450463 0.036979 0.069444
1 0.527604 0.239815 0.078125 0.477778
1 0.655208 0.192593 0.090625 0.383333
0 0.501563 0.225463 0.026042 0.449074
0 0.546094 0.238889 0.041146 0.475926
1 0.181510 0.197222 0.079687 0.327778
2 0.728385 0.383796 0.034896 0.065741
3 0.336979 0.568981 0.131250 0.476852
2 0.439323 0.293519 0.078646 0.081481
1 0.240885 0.187037 0.084896 0.372222
1 0.442969 0.471296 0.068229 0.348148
0 0.465625 0.479630 0.023958 0.331481
0 0.427865 0.465741 0.035937 0.333333
