3 0.368229 0.752315 0.141667 0.384259
2 0.223958 0.244444 0.048958 0.057407
2 0.469010 0.293519 0.055729 0.096296
2 0.758854 0.400463 0.065625 0.080556
2 0.835677 0.432407 0.041146 0.075926
2 0.898438 0.466667 0.044792 0.064815
1 0.229687 0.309722 0.050000 0.100926
1 0.466927 0.476389 0.065104 0.325000
1 0.577604 0.185185 0.082292 0.368519
1 0.687760 0.201852 0.104688 0.401852
0 0.451562 0.470370 0.035417 0.311111
0 0.488542 0.480556 0.022917 0.316667
0 0.553385 0.185185 0.033854 0.368519
0 0.601302 0.181481 0.036979 0.361111
