3 0.373437 0.836111 0.143750 0.316667
2 0.202083 0.203704 0.045833 0.066667
2 0.460156 0.291204 0.057813 0.097222
2 0.752083 0.393519 0.069792 0.098148
2 0.829167 0.427778 0.042708 0.081481
2 0.893490 0.456481 0.045312 0.079630
1 0.211719 0.293981 0.056771 0.147222
1 0.462240 0.475000 0.066146 0.329630
1 0.566406 0.185185 0.082812 0.368519
1 0.678385 0.198611 0.099479 0.395370
0 0.447135 0.468981 0.035937 0.312037
0 0.482812 0.479630 0.027083 0.318519
0 0.541927 0.177778 0.033854 0.353704
0 0.590625 0.184722 0.034375 0.367593
