2 0.817969 0.428241 0.057813 0.075000
2 0.884115 0.454630 0.035937 0.068519
1 0.541146 0.212963 0.078125 0.424074
1 0.665104 0.194444 0.091667 0.387037
0 0.515885 0.200463 0.026562 0.399074
0 0.561719 0.212963 0.039062 0.424074
1 0.186719 0.227778 0.079687 0.251852
2 0.729688 0.382870 0.032292 0.062037
3 0.343490 0.575926 0.136979 0.462963
2 0.443229 0.296296 0.079167 0.081481
1 0.259896 0.170833 0.082292 0.339815
1 0.448177 0.475000 0.067187 0.333333
0 0.467448 0.476852 0.027604 0.320370
0 0.429948 0.474074 0.031771 0.329630
2 0.161719 0.103241 0.051562 0.034259
