3 0.115365 0.977315 0.107813 0.045370
2 0.234375 0.257407 0.050000 0.055556
2 0.479948 0.286111 0.064062 0.081481
2 0.785156 0.411111 0.048438 0.075926
2 0.850781 0.435185 0.041146 0.079630
2 0.909635 0.469444 0.042188 0.062963
1 0.473698 0.470833 0.063021 0.336111
1 0.606510 0.185185 0.085938 0.368519
1 0.721875 0.300000 0.125000 0.409259
0 0.458333 0.465741 0.033333 0.325926
0 0.495312 0.479630 0.020833 0.320370
0 0.581250 0.168056 0.035417 0.334259
1 0.173958 0.141204 0.081250 0.280556
2 0.751823 0.110185 0.063021 0.046296
