2 0.205208 0.060648 0.052083 0.036111
2 0.514062 0.045370 0.079167 0.046296
2 0.803906 0.418056 0.058854 0.078704
2 0.873698 0.445370 0.036979 0.070370
1 0.507812 0.286111 0.086458 0.509259
1 0.642448 0.190278 0.090104 0.378704
0 0.482031 0.274537 0.033854 0.486111
0 0.530208 0.292130 0.040625 0.499074
1 0.185938 0.161111 0.077083 0.320370
2 0.725000 0.375463 0.043750 0.080556
3 0.401042 0.599074 0.126042 0.540741
2 0.427344 0.266667 0.078646 0.075926
0 0.455208 0.422222 0.034375 0.283333
1 0.222917 0.207407 0.073958 0.298148
