3 0.264062 0.729630 0.177083 0.425926
2 0.439583 0.293981 0.059375 0.086111
2 0.729948 0.380093 0.039062 0.062037
2 0.815104 0.416204 0.045833 0.071296
2 0.880469 0.455556 0.050521 0.070370
1 0.658854 0.200463 0.093750 0.363889
1 0.526042 0.230556 0.073958 0.379630
1 0.340104 0.165741 0.087500 0.307407
0 0.220052 0.766667 0.067187 0.157407
0 0.373698 0.826389 0.072396 0.106481
0 0.510938 0.235185 0.028125 0.364815
0 0.557031 0.238889 0.033854 0.370370
0 0.634115 0.196759 0.042188 0.343519
0 0.680469 0.207407 0.044271 0.338889
