3 0.298698 0.890278 0.196354 0.219444
2 0.238542 0.260185 0.050000 0.055556
2 0.475781 0.300463 0.056771 0.080556
2 0.771615 0.406481 0.064062 0.077778
2 0.846615 0.434259 0.039062 0.075926
2 0.906771 0.469444 0.042708 0.062963
1 0.473958 0.480556 0.062500 0.335185
1 0.597135 0.185185 0.086979 0.368519
1 0.715365 0.240741 0.127604 0.479630
0 0.457031 0.469444 0.030729 0.316667
0 0.494010 0.481481 0.023438 0.314815
0 0.571094 0.173148 0.034896 0.344444
1 0.170833 0.143056 0.082292 0.284259
2 0.749219 0.023148 0.066146 0.044444
