3 0.354948 0.562963 0.152604 0.414815
2 0.114062 0.250463 0.030208 0.056481
2 0.213281 0.125926 0.052604 0.057407
2 0.408333 0.200463 0.061458 0.099074
2 0.501823 0.122685 0.091146 0.069444
2 0.725260 0.349074 0.053646 0.085185
2 0.798177 0.409259 0.040104 0.079630
2 0.869010 0.444907 0.046354 0.071296
1 0.631510 0.192130 0.085938 0.354630
1 0.489323 0.415741 0.066146 0.327778
1 0.417969 0.471296 0.066146 0.251852
1 0.321354 0.158333 0.091667 0.288889
0 0.436198 0.480093 0.049479 0.263889
0 0.468750 0.408796 0.030208 0.302778
0 0.512500 0.424074 0.027083 0.312963
0 0.611719 0.185648 0.041146 0.343519
0 0.659635 0.195370 0.043229 0.331481
