3 0.365625 0.742130 0.139583 0.419444
2 0.235417 0.255556 0.050000 0.055556
2 0.475260 0.301852 0.056771 0.081481
2 0.763281 0.403704 0.066146 0.081481
2 0.839063 0.431481 0.042708 0.075926
2 0.900521 0.468519 0.044792 0.064815
1 0.240625 0.314815 0.044792 0.090741
1 0.469792 0.472685 0.061458 0.317593
1 0.583854 0.185185 0.086458 0.368519
1 0.701042 0.207870 0.108333 0.413889
0 0.455990 0.469907 0.032813 0.310185
0 0.491667 0.479167 0.019792 0.306481
0 0.559375 0.175926 0.036458 0.350000
0 0.607031 0.184259 0.041146 0.366667
