3 0.363281 0.753704 0.136979 0.381481
2 0.221094 0.236111 0.048438 0.059259
2 0.467448 0.292593 0.054688 0.096296
2 0.758854 0.399537 0.065625 0.080556
2 0.835156 0.430556 0.041146 0.075926
2 0.897135 0.463889 0.045312 0.068519
1 0.226042 0.306481 0.051042 0.114815
1 0.464844 0.478704 0.063021 0.331481
1 0.575000 0.186111 0.083333 0.370370
1 0.687760 0.197685 0.098437 0.393519
0 0.450781 0.470370 0.034896 0.311111
0 0.485156 0.479630 0.022396 0.316667
0 0.550260 0.185185 0.033854 0.368519
0 0.598177 0.182407 0.035937 0.362963
