3 0.367708 0.752315 0.141667 0.384259
2 0.224740 0.249537 0.050521 0.052778
2 0.468750 0.293519 0.057292 0.096296
2 0.758333 0.400000 0.065625 0.081481
2 0.835938 0.432407 0.041667 0.075926
2 0.898438 0.464815 0.044792 0.064815
1 0.230729 0.311111 0.047917 0.098148
1 0.467448 0.478241 0.065104 0.325000
1 0.578385 0.185185 0.082812 0.368519
1 0.688021 0.203704 0.105208 0.405556
0 0.452083 0.469444 0.035417 0.311111
0 0.489063 0.481481 0.022917 0.316667
0 0.553906 0.185185 0.033854 0.368519
0 0.602083 0.181019 0.036458 0.360185
