3 0.369531 0.637037 0.126562 0.475926
2 0.224740 0.252315 0.058854 0.071296
2 0.469271 0.304167 0.056250 0.089815
2 0.841146 0.431019 0.044792 0.076852
2 0.899219 0.465278 0.049479 0.065741
1 0.692708 0.212037 0.102083 0.359259
1 0.585677 0.182870 0.080729 0.337963
1 0.365365 0.165278 0.082812 0.312037
1 0.287240 0.159259 0.082812 0.305556
0 0.558854 0.182870 0.032292 0.334259
0 0.603125 0.191667 0.042708 0.340741
0 0.668750 0.206944 0.048958 0.350926
0 0.714063 0.213426 0.055208 0.328704
0 0.352604 0.778704 0.015625 0.140741
