2 0.205990 0.009259 0.042188 0.016667
2 0.809635 0.418981 0.057813 0.078704
2 0.877865 0.449537 0.036979 0.069444
1 0.521094 0.247685 0.082812 0.493519
1 0.649740 0.190278 0.093229 0.378704
0 0.494271 0.236111 0.029167 0.470370
0 0.543490 0.246296 0.036979 0.490741
1 0.183594 0.168519 0.084896 0.335185
2 0.726042 0.378704 0.037500 0.075926
3 0.376823 0.573611 0.194271 0.478704
2 0.434115 0.282870 0.078646 0.084259
1 0.231250 0.182870 0.084375 0.363889
1 0.432812 0.467593 0.066667 0.331481
0 0.455990 0.458333 0.021354 0.311111
0 0.422396 0.467593 0.044792 0.333333
