3 0.364844 0.743056 0.139063 0.419444
2 0.236458 0.258333 0.050000 0.055556
2 0.475260 0.301389 0.056771 0.080556
2 0.764583 0.402778 0.064583 0.077778
2 0.840885 0.432407 0.039062 0.075926
2 0.902083 0.466667 0.041667 0.062963
1 0.241927 0.310185 0.045312 0.079630
1 0.472656 0.474537 0.064062 0.319444
1 0.587240 0.184722 0.082812 0.367593
1 0.703385 0.212500 0.110937 0.423148
0 0.455990 0.472685 0.031771 0.317593
0 0.494531 0.481019 0.021354 0.308333
0 0.562240 0.174537 0.031771 0.347222
0 0.608854 0.184722 0.039583 0.367593
