3 0.290365 0.909722 0.219271 0.180556
2 0.238542 0.259722 0.050000 0.056481
2 0.475781 0.300926 0.056771 0.081481
2 0.780990 0.405556 0.048438 0.075926
2 0.847135 0.434259 0.039062 0.075926
2 0.907292 0.469444 0.042708 0.062963
1 0.473958 0.480556 0.062500 0.335185
1 0.597656 0.185185 0.086979 0.368519
1 0.715365 0.243519 0.127604 0.485185
0 0.457813 0.470370 0.033333 0.320370
0 0.493490 0.484722 0.023438 0.323148
0 0.572135 0.171296 0.036979 0.340741
1 0.170833 0.142593 0.082292 0.283333
2 0.749740 0.024537 0.067187 0.047222
