2 0.205990 0.093981 0.049479 0.043519
2 0.509115 0.070370 0.079687 0.046296
2 0.799740 0.418519 0.067187 0.074074
2 0.871615 0.443519 0.036979 0.070370
1 0.503646 0.305093 0.086458 0.502778
1 0.639583 0.187963 0.089583 0.374074
0 0.477083 0.294444 0.032292 0.483333
0 0.527865 0.313889 0.036979 0.488889
0 0.613542 0.172685 0.037500 0.343519
1 0.183854 0.140278 0.077083 0.278704
2 0.725000 0.370370 0.043750 0.079630
3 0.393490 0.590741 0.127604 0.564815
2 0.417708 0.247685 0.082292 0.075000
0 0.450000 0.413889 0.036458 0.307407
1 0.219792 0.221759 0.072917 0.273148
