3 0.347656 0.582407 0.152604 0.450000
2 0.110417 0.243519 0.018750 0.061111
2 0.417448 0.257870 0.071354 0.089815
2 0.727083 0.384722 0.035417 0.063889
2 0.803646 0.414352 0.041667 0.063889
2 0.871354 0.449537 0.041667 0.063889
1 0.639844 0.197222 0.084896 0.359259
1 0.507292 0.354630 0.071875 0.329630
1 0.430208 0.499074 0.076042 0.225926
1 0.328646 0.154167 0.078125 0.299074
0 0.660677 0.204167 0.041146 0.334259
0 0.613802 0.200463 0.041146 0.349074
0 0.530469 0.360185 0.026562 0.320370
0 0.483594 0.356481 0.021354 0.311111
0 0.447656 0.502315 0.043229 0.213889
0 0.413542 0.505093 0.040625 0.195370
0 0.345573 0.155093 0.040104 0.289815
