3 0.359635 0.776852 0.148438 0.340741
2 0.211458 0.225463 0.048958 0.054630
2 0.461979 0.293519 0.060417 0.096296
2 0.755208 0.396296 0.066667 0.085185
2 0.832552 0.428704 0.041146 0.075926
2 0.895573 0.459722 0.045312 0.073148
1 0.217708 0.301389 0.055208 0.130556
1 0.460156 0.468981 0.061979 0.321296
1 0.573177 0.184259 0.083854 0.366667
1 0.683854 0.195370 0.097917 0.388889
0 0.446615 0.466204 0.033854 0.310185
0 0.480208 0.475926 0.020833 0.305556
0 0.546354 0.176852 0.033333 0.351852
0 0.595833 0.183333 0.036458 0.364815
