2 0.215625 0.201852 0.046875 0.055556
2 0.489063 0.199537 0.062500 0.080556
2 0.791667 0.416667 0.062500 0.072222
2 0.862240 0.441667 0.039062 0.072222
1 0.482292 0.418056 0.070833 0.410185
1 0.623698 0.188426 0.088021 0.375000
0 0.463021 0.405556 0.035417 0.387037
0 0.504687 0.422222 0.026042 0.394444
0 0.597917 0.173148 0.037500 0.344444
1 0.177865 0.142593 0.076563 0.283333
2 0.736458 0.295833 0.051042 0.082407
3 0.349219 0.738889 0.190104 0.509259
2 0.391146 0.130093 0.085417 0.054630
0 0.431510 0.737500 0.031771 0.269444
0 0.299740 0.843981 0.041146 0.173148
