3 0.361719 0.758333 0.141146 0.374074
2 0.217708 0.231944 0.046875 0.062037
2 0.465885 0.294444 0.054688 0.096296
2 0.757812 0.398611 0.065625 0.080556
2 0.834115 0.431481 0.041146 0.075926
2 0.897135 0.462037 0.045312 0.068519
1 0.223958 0.305556 0.051042 0.125926
1 0.462760 0.468519 0.059896 0.320370
1 0.574479 0.182407 0.083333 0.362963
1 0.687240 0.195370 0.098437 0.388889
0 0.449219 0.468519 0.032813 0.307407
0 0.482292 0.475000 0.020833 0.307407
0 0.548958 0.176389 0.033333 0.350926
0 0.597656 0.181481 0.035937 0.361111
