3 0.394010 0.542593 0.085938 0.464815
2 0.091146 0.218056 0.038542 0.041667
2 0.436979 0.284722 0.057292 0.080556
2 0.723177 0.379630 0.048438 0.064815
2 0.814583 0.420370 0.052083 0.066667
2 0.875521 0.447222 0.059375 0.055556
1 0.648698 0.196759 0.092188 0.349074
1 0.518750 0.270370 0.078125 0.372222
1 0.336458 0.167130 0.082292 0.295370
0 0.545052 0.284722 0.035937 0.356481
0 0.496875 0.270833 0.038542 0.356481
0 0.629167 0.195370 0.038542 0.338889
0 0.673698 0.204167 0.036979 0.319444
0 0.447656 0.597222 0.035937 0.203704
