3 0.357031 0.559259 0.136979 0.446296
2 0.109896 0.247685 0.035417 0.049074
2 0.213802 0.090278 0.050521 0.043519
2 0.417708 0.243981 0.048958 0.086111
2 0.511719 0.071296 0.095312 0.050000
2 0.724740 0.378704 0.041146 0.075926
2 0.802604 0.415741 0.041667 0.062963
2 0.870573 0.446759 0.039062 0.052778
1 0.639062 0.192130 0.085417 0.352778
1 0.500000 0.375000 0.078125 0.348148
1 0.329688 0.160648 0.095833 0.308333
0 0.349479 0.159259 0.058333 0.300000
0 0.444531 0.515741 0.035937 0.192593
0 0.478125 0.369444 0.035417 0.329630
0 0.522396 0.375926 0.032292 0.324074
0 0.613021 0.193981 0.041667 0.343519
0 0.661719 0.199537 0.043229 0.349074
