3 0.370312 0.750926 0.148958 0.387037
2 0.227865 0.254630 0.050521 0.053704
2 0.469792 0.293519 0.058333 0.096296
2 0.760417 0.400926 0.065625 0.081481
2 0.836979 0.432407 0.041667 0.075926
2 0.899219 0.466667 0.045312 0.064815
1 0.235156 0.311111 0.048438 0.098148
1 0.467708 0.474537 0.061458 0.323148
1 0.579427 0.186111 0.084896 0.370370
1 0.690885 0.203241 0.107813 0.404630
0 0.452604 0.468056 0.033333 0.310185
0 0.487240 0.479167 0.020313 0.313889
0 0.555208 0.182407 0.034375 0.362963
0 0.602604 0.181944 0.038542 0.362037
