3 0.363542 0.765741 0.138542 0.427778
2 0.237500 0.258333 0.050000 0.055556
2 0.474740 0.301389 0.056771 0.080556
2 0.767188 0.406481 0.063542 0.077778
2 0.842708 0.434259 0.038542 0.075926
2 0.903385 0.468519 0.042188 0.062963
1 0.473438 0.473611 0.063542 0.319444
1 0.590885 0.181944 0.082812 0.362037
1 0.708854 0.229167 0.113542 0.456481
0 0.457813 0.473148 0.032292 0.318519
0 0.493490 0.480093 0.024479 0.312037
0 0.565885 0.172685 0.032813 0.343519
0 0.612760 0.181944 0.039062 0.362037
1 0.171615 0.144907 0.072396 0.287963
