3 0.383854 0.553241 0.106250 0.463889
2 0.427083 0.267593 0.051042 0.072222
2 0.104427 0.240278 0.027604 0.039815
2 0.724740 0.381481 0.041146 0.075926
2 0.810156 0.420370 0.038021 0.074074
2 0.868750 0.443519 0.052083 0.059259
2 0.518750 0.034259 0.084375 0.055556
1 0.642969 0.195370 0.094271 0.357407
1 0.505990 0.340278 0.076563 0.356481
1 0.325260 0.158333 0.100521 0.314815
0 0.351302 0.161111 0.054688 0.298148
0 0.458073 0.513426 0.029687 0.154630
0 0.488542 0.331944 0.038542 0.336111
0 0.534635 0.344444 0.040104 0.337037
0 0.616667 0.187500 0.041667 0.341667
0 0.664844 0.198148 0.046354 0.327778
