2 0.178906 0.153241 0.051562 0.043519
2 0.449219 0.292593 0.060937 0.092593
2 0.747656 0.388889 0.079687 0.098148
2 0.822656 0.427778 0.042188 0.074074
2 0.887760 0.453704 0.048438 0.079630
3 0.396094 0.656019 0.189062 0.469444
0 0.441406 0.487963 0.036979 0.344444
0 0.472656 0.495833 0.026562 0.356481
0 0.525521 0.193981 0.027083 0.386111
0 0.571615 0.198148 0.032813 0.394444
1 0.451823 0.488426 0.064062 0.350926
1 0.195052 0.264815 0.067187 0.201852
1 0.668490 0.196296 0.094271 0.390741
1 0.550781 0.197685 0.078646 0.393519
