3 0.335677 0.564815 0.121354 0.462963
2 0.242448 0.264815 0.043229 0.072222
2 0.478125 0.298611 0.056250 0.078704
2 0.775781 0.401852 0.035937 0.074074
2 0.848698 0.437500 0.039062 0.078704
2 0.907552 0.466667 0.036979 0.062963
1 0.708073 0.350000 0.101562 0.268519
1 0.596875 0.195833 0.075000 0.339815
1 0.473958 0.527315 0.054167 0.232407
1 0.385417 0.237963 0.082292 0.320370
1 0.298438 0.162963 0.073958 0.287037
0 0.579427 0.201389 0.035937 0.334259
0 0.621875 0.202778 0.041667 0.331481
0 0.687760 0.326852 0.053646 0.305556
0 0.456510 0.516667 0.026562 0.212963
0 0.488802 0.536111 0.024479 0.218519
