2 0.813281 0.421759 0.058854 0.075000
2 0.878906 0.450000 0.036979 0.068519
1 0.527083 0.239815 0.078125 0.477778
1 0.655208 0.192130 0.090625 0.382407
0 0.502604 0.225000 0.026042 0.448148
0 0.546615 0.238889 0.041146 0.475926
1 0.180990 0.198148 0.079687 0.327778
2 0.727865 0.382870 0.034896 0.065741
3 0.336458 0.568056 0.131250 0.476852
2 0.439844 0.294444 0.078646 0.081481
1 0.241406 0.186111 0.084896 0.370370
1 0.442969 0.470370 0.068229 0.348148
0 0.465365 0.479630 0.023438 0.331481
0 0.428906 0.459722 0.038021 0.319444
