3 0.350521 0.552778 0.146875 0.412963
2 0.113542 0.250463 0.026042 0.045370
2 0.216927 0.195833 0.048438 0.071296
2 0.389062 0.127315 0.063542 0.075000
2 0.487500 0.205093 0.081250 0.076852
2 0.733854 0.298611 0.052083 0.075000
2 0.787500 0.411111 0.045833 0.074074
2 0.859375 0.442130 0.037500 0.071296
1 0.623437 0.180556 0.073958 0.329630
1 0.476823 0.476852 0.063021 0.277778
1 0.400000 0.403704 0.076042 0.296296
1 0.318229 0.153704 0.061458 0.270370
0 0.596875 0.188426 0.037500 0.321296
0 0.644271 0.200463 0.030208 0.313889
0 0.502604 0.476852 0.018750 0.257407
0 0.464323 0.476852 0.026562 0.255556
0 0.422917 0.417130 0.038542 0.278704
0 0.381771 0.414352 0.040625 0.252778
0 0.298698 0.155556 0.038021 0.261111
