3 0.361458 0.761574 0.142708 0.369444
2 0.217188 0.231944 0.046875 0.062037
2 0.465885 0.294444 0.054688 0.096296
2 0.757292 0.398148 0.065625 0.079630
2 0.833073 0.430556 0.041146 0.075926
2 0.896094 0.461574 0.045312 0.067593
1 0.223698 0.304630 0.051562 0.125926
1 0.461719 0.470370 0.058854 0.312963
1 0.573958 0.182870 0.083333 0.363889
1 0.686979 0.195833 0.097917 0.389815
0 0.448958 0.468056 0.032292 0.306481
0 0.480729 0.473611 0.020833 0.306481
0 0.548438 0.176389 0.033333 0.350926
0 0.597135 0.181944 0.035937 0.362037
