3 0.379167 0.554167 0.138542 0.447222
2 0.234115 0.253704 0.053646 0.075926
2 0.474219 0.304630 0.058854 0.103704
2 0.847135 0.436111 0.039062 0.081481
2 0.903906 0.462963 0.045312 0.079630
1 0.709115 0.309259 0.103646 0.322222
1 0.595052 0.189352 0.084896 0.345370
1 0.296875 0.153241 0.082292 0.304630
1 0.379167 0.211574 0.076042 0.341667
1 0.473177 0.541204 0.052604 0.276852
0 0.456250 0.524074 0.029167 0.242593
0 0.489323 0.545370 0.026562 0.250000
0 0.568750 0.188426 0.034375 0.339815
0 0.619010 0.196759 0.038021 0.336111
0 0.687760 0.305556 0.050521 0.333333
0 0.726562 0.318519 0.056250 0.301852
