3 0.370573 0.609259 0.121354 0.450000
2 0.226302 0.252315 0.051562 0.082407
2 0.471354 0.302778 0.059375 0.085185
2 0.839844 0.431481 0.047396 0.070370
2 0.897396 0.458796 0.037500 0.065741
1 0.689583 0.226389 0.088542 0.345370
1 0.583854 0.192593 0.089583 0.327778
1 0.288542 0.156481 0.072917 0.285185
1 0.364583 0.162500 0.082292 0.319444
0 0.557813 0.185648 0.037500 0.321296
0 0.604948 0.189815 0.044271 0.318519
0 0.669271 0.222685 0.045833 0.337963
0 0.711458 0.233796 0.046875 0.323148
0 0.351823 0.766667 0.017188 0.153704
