3 0.364063 0.751852 0.133333 0.385185
2 0.223698 0.241667 0.048438 0.057407
2 0.469010 0.293519 0.054688 0.096296
2 0.758333 0.399537 0.065625 0.080556
2 0.834635 0.431481 0.041146 0.075926
2 0.897656 0.465741 0.045312 0.064815
1 0.228906 0.307870 0.051562 0.110185
1 0.466406 0.475463 0.065104 0.325000
1 0.576823 0.185185 0.082812 0.368519
1 0.687500 0.200463 0.104167 0.399074
0 0.451302 0.468519 0.034896 0.311111
0 0.488281 0.479630 0.022396 0.316667
0 0.552344 0.185185 0.033854 0.368519
0 0.600000 0.181481 0.035417 0.361111
