3 0.407031 0.525000 0.076563 0.412963
2 0.098698 0.224537 0.032813 0.047222
2 0.430729 0.277778 0.062500 0.074074
2 0.725521 0.372685 0.043750 0.071296
2 0.812760 0.414815 0.040104 0.079630
2 0.878385 0.452778 0.047396 0.066667
1 0.652604 0.198148 0.092708 0.364815
1 0.513542 0.316667 0.075000 0.353704
1 0.333854 0.159722 0.087500 0.291667
0 0.351042 0.151852 0.048958 0.298148
0 0.491146 0.318519 0.027083 0.333333
0 0.535937 0.324537 0.022917 0.326852
0 0.623958 0.195833 0.034375 0.345370
0 0.668229 0.212037 0.043750 0.329630
0 0.462760 0.514352 0.020313 0.225000
