3 0.343490 0.822685 0.172396 0.350926
2 0.239063 0.260648 0.050000 0.056481
2 0.475781 0.301852 0.056771 0.081481
2 0.769531 0.406481 0.064062 0.077778
2 0.844010 0.431481 0.039062 0.075926
2 0.904687 0.468519 0.042708 0.062963
1 0.472656 0.474074 0.059896 0.320370
1 0.594010 0.183796 0.082812 0.365741
1 0.713281 0.235185 0.120313 0.468519
0 0.457031 0.469444 0.029687 0.316667
0 0.491406 0.481944 0.021354 0.312037
0 0.569010 0.172685 0.032813 0.343519
0 0.616406 0.183796 0.039062 0.365741
1 0.173698 0.143519 0.072396 0.285185
