3 0.363542 0.564815 0.153125 0.431481
2 0.113542 0.250926 0.032292 0.046296
2 0.217188 0.183796 0.051042 0.060185
2 0.399219 0.153241 0.060937 0.058333
2 0.491927 0.187037 0.083854 0.074074
2 0.732552 0.318981 0.050521 0.080556
2 0.796615 0.409259 0.038021 0.085185
2 0.864062 0.440278 0.044792 0.065741
1 0.622396 0.181481 0.082292 0.335185
1 0.486198 0.464352 0.057813 0.315741
1 0.404948 0.426852 0.074479 0.285185
1 0.318490 0.157407 0.073438 0.285185
0 0.305990 0.159259 0.040104 0.266667
0 0.340365 0.168519 0.046354 0.266667
0 0.384635 0.419444 0.042188 0.270370
0 0.430469 0.437500 0.033854 0.276852
0 0.463021 0.457407 0.023958 0.268519
0 0.502604 0.475000 0.018750 0.270370
0 0.601562 0.178241 0.036458 0.313889
0 0.650000 0.194907 0.035417 0.306481
