2 0.209896 0.030556 0.048958 0.037037
2 0.517188 0.011574 0.077083 0.021296
2 0.807292 0.418056 0.058333 0.078704
2 0.876823 0.446296 0.036979 0.070370
1 0.514844 0.255556 0.084896 0.509259
1 0.646094 0.190741 0.093229 0.379630
0 0.488281 0.243519 0.030729 0.485185
0 0.538542 0.255556 0.037500 0.509259
1 0.186719 0.168519 0.077604 0.335185
2 0.724740 0.378241 0.040104 0.080556
3 0.389062 0.604167 0.164583 0.536111
2 0.432292 0.275000 0.076042 0.079630
1 0.226042 0.192130 0.080208 0.336111
1 0.440365 0.443056 0.076563 0.319444
0 0.460417 0.432407 0.035417 0.288889
0 0.421615 0.442593 0.038021 0.309259
