2 0.812240 0.423148 0.051562 0.070370
2 0.880990 0.451852 0.036979 0.068519
1 0.535156 0.235185 0.079687 0.468519
1 0.658333 0.193981 0.090625 0.386111
0 0.508854 0.222685 0.026042 0.443519
0 0.555729 0.235185 0.039583 0.468519
1 0.184115 0.211111 0.083854 0.292593
2 0.727344 0.379630 0.036979 0.070370
3 0.345833 0.573148 0.134375 0.466667
2 0.440885 0.295370 0.078646 0.081481
1 0.254167 0.182870 0.083333 0.363889
1 0.445312 0.459722 0.067708 0.302778
0 0.465885 0.456944 0.028646 0.295370
0 0.434115 0.459722 0.042188 0.304630
2 0.162500 0.073148 0.051042 0.035185
