3 0.361979 0.557407 0.114583 0.442593
2 0.238802 0.259722 0.052604 0.080556
2 0.475000 0.305093 0.052083 0.100926
2 0.777083 0.400463 0.036458 0.087963
2 0.848698 0.429630 0.039062 0.074074
2 0.904167 0.462037 0.042708 0.070370
1 0.708333 0.315741 0.102083 0.314815
1 0.593490 0.193981 0.075521 0.341667
1 0.471094 0.530093 0.051562 0.256481
1 0.379427 0.208796 0.079687 0.336111
1 0.298438 0.168519 0.082292 0.274074
0 0.455990 0.525463 0.027604 0.241667
0 0.489323 0.536111 0.019271 0.242593
0 0.572656 0.188889 0.039062 0.346296
0 0.619792 0.196759 0.032292 0.323148
0 0.688021 0.320833 0.048958 0.289815
0 0.729688 0.322685 0.056250 0.280556
