3 0.157552 0.968056 0.108854 0.063889
2 0.236458 0.257407 0.050000 0.055556
2 0.478125 0.304630 0.059375 0.081481
2 0.782813 0.408333 0.048958 0.075926
2 0.850260 0.434722 0.041146 0.078704
2 0.908073 0.469444 0.042188 0.062963
1 0.473177 0.470833 0.063021 0.336111
1 0.603646 0.185185 0.086458 0.368519
1 0.721094 0.283796 0.128646 0.436111
0 0.457813 0.465741 0.033333 0.325926
0 0.493490 0.479630 0.021354 0.320370
0 0.577865 0.168519 0.035937 0.335185
1 0.173437 0.141667 0.081250 0.281481
2 0.754427 0.087037 0.063021 0.050000
