2 0.223958 0.229167 0.046875 0.056481
2 0.482292 0.241204 0.062500 0.080556
2 0.791146 0.417130 0.051042 0.071296
2 0.859115 0.443056 0.043229 0.071296
1 0.477865 0.437500 0.069271 0.380556
1 0.618490 0.182870 0.085938 0.363889
0 0.462500 0.429167 0.034375 0.362037
0 0.499740 0.445370 0.023438 0.364815
0 0.593490 0.179167 0.034896 0.356481
1 0.176042 0.143056 0.077083 0.284259
2 0.748437 0.244444 0.062500 0.059259
3 0.284115 0.843056 0.228646 0.313889
0 0.271615 0.806481 0.101562 0.220370
2 0.382031 0.070370 0.089063 0.040741
