3 0.360938 0.798148 0.146875 0.325926
2 0.210417 0.222222 0.051042 0.051852
2 0.461198 0.293519 0.060937 0.096296
2 0.752865 0.396296 0.070312 0.098148
2 0.830729 0.431019 0.042708 0.080556
2 0.894531 0.456481 0.045312 0.079630
1 0.216406 0.301389 0.054688 0.130556
1 0.462500 0.473611 0.066667 0.330556
1 0.569010 0.185185 0.084896 0.368519
1 0.681510 0.197685 0.101562 0.393519
0 0.446615 0.465741 0.035937 0.309259
0 0.482552 0.480556 0.026562 0.314815
0 0.545573 0.177315 0.032813 0.352778
0 0.592969 0.184722 0.039062 0.367593
