3 0.363021 0.564815 0.156250 0.444444
2 0.111719 0.251852 0.039062 0.046296
2 0.214323 0.109259 0.051562 0.055556
2 0.414323 0.245833 0.053646 0.097222
2 0.506250 0.092130 0.088542 0.065741
2 0.725000 0.373148 0.046875 0.083333
2 0.803646 0.414815 0.040625 0.074074
2 0.869271 0.447222 0.050000 0.059259
1 0.632552 0.190741 0.096354 0.353704
1 0.492708 0.392130 0.075000 0.332407
1 0.326823 0.156481 0.090104 0.303704
0 0.350521 0.162037 0.054167 0.287037
0 0.311979 0.169444 0.054167 0.277778
0 0.444271 0.492593 0.033333 0.250000
0 0.472656 0.391667 0.034896 0.314815
0 0.513021 0.395833 0.028125 0.326852
0 0.608594 0.195833 0.045312 0.349074
0 0.657552 0.197685 0.040104 0.334259
