3 0.359896 0.554630 0.148958 0.427778
2 0.109115 0.244907 0.033854 0.067593
2 0.209635 0.099537 0.057813 0.050926
2 0.413542 0.243056 0.057292 0.095370
2 0.509896 0.086574 0.093750 0.080556
2 0.724479 0.378704 0.047917 0.075926
2 0.802865 0.415741 0.048438 0.070370
2 0.868490 0.459722 0.051562 0.076852
1 0.634115 0.207407 0.093229 0.350000
1 0.495833 0.382407 0.080208 0.337037
1 0.325000 0.163889 0.090625 0.309259
0 0.343229 0.169444 0.050000 0.296296
0 0.440625 0.495833 0.033333 0.245370
0 0.472135 0.374537 0.036979 0.315741
0 0.515625 0.391204 0.033333 0.317593
0 0.611719 0.195370 0.042188 0.357407
0 0.659115 0.199074 0.045312 0.355556
