3 0.348177 0.569444 0.145313 0.440741
2 0.110417 0.237963 0.030208 0.070370
2 0.422135 0.254167 0.083854 0.097222
2 0.725000 0.371759 0.042708 0.089815
2 0.803125 0.414815 0.035417 0.081481
2 0.871615 0.445370 0.042188 0.075926
1 0.638281 0.192130 0.090104 0.349074
1 0.507292 0.356481 0.078125 0.337037
1 0.427865 0.502778 0.084896 0.242593
1 0.325000 0.162500 0.076042 0.308333
0 0.409635 0.502315 0.047396 0.226852
0 0.447917 0.506944 0.036458 0.225000
0 0.485156 0.350926 0.029687 0.324074
0 0.528385 0.367130 0.029687 0.319444
0 0.613802 0.198611 0.044271 0.341667
0 0.661458 0.203241 0.043750 0.339815
