3 0.400000 0.543056 0.121875 0.432407
2 0.235937 0.259259 0.053125 0.074074
2 0.472396 0.301389 0.057292 0.087963
2 0.846094 0.431944 0.048438 0.080556
2 0.904948 0.469907 0.038021 0.080556
1 0.710938 0.295833 0.101042 0.343519
1 0.593229 0.184722 0.085417 0.341667
1 0.297656 0.163889 0.083854 0.277778
0 0.569271 0.184722 0.032292 0.336111
0 0.617448 0.200926 0.040104 0.325926
0 0.683594 0.303704 0.043229 0.324074
0 0.733073 0.307407 0.058854 0.312963
1 0.475000 0.543981 0.052083 0.234259
0 0.464323 0.542593 0.024479 0.207407
0 0.492448 0.546759 0.019271 0.208333
