3 0.141667 0.968056 0.108333 0.063889
2 0.235937 0.260185 0.050000 0.055556
2 0.480208 0.290278 0.062500 0.086111
2 0.783854 0.409259 0.048958 0.075926
2 0.850781 0.434722 0.041146 0.078704
2 0.908333 0.469444 0.042708 0.062963
1 0.474740 0.469907 0.063021 0.336111
1 0.604688 0.185185 0.086458 0.368519
1 0.722917 0.289352 0.123958 0.434259
0 0.458854 0.465741 0.033333 0.325926
0 0.495573 0.479630 0.021354 0.320370
0 0.578646 0.168519 0.035417 0.335185
1 0.173437 0.141204 0.081250 0.280556
2 0.754167 0.089815 0.063542 0.044444
