3 0.357552 0.567593 0.159896 0.455556
2 0.111458 0.242593 0.032292 0.050000
2 0.218490 0.191667 0.046354 0.064815
2 0.389844 0.128704 0.068229 0.070370
2 0.488542 0.204167 0.083333 0.086111
2 0.730729 0.303241 0.054167 0.071296
2 0.793490 0.402778 0.035937 0.083333
2 0.861198 0.443519 0.050521 0.062963
1 0.622917 0.183333 0.075000 0.329630
1 0.481510 0.476852 0.056771 0.300000
1 0.403385 0.400463 0.052604 0.315741
1 0.319271 0.156944 0.081250 0.299074
0 0.379948 0.388889 0.042188 0.285185
0 0.424740 0.403704 0.034896 0.301852
0 0.463542 0.472222 0.031250 0.266667
0 0.503385 0.488426 0.019271 0.269444
0 0.600521 0.178704 0.038542 0.322222
0 0.645312 0.195370 0.030208 0.316667
