3 0.247396 0.759259 0.173958 0.357407
2 0.173958 0.099537 0.048958 0.062037
2 0.436979 0.292130 0.062500 0.084259
2 0.728385 0.385648 0.045312 0.067593
2 0.819531 0.423148 0.046354 0.066667
2 0.881771 0.456944 0.042708 0.073148
1 0.661458 0.201389 0.094792 0.347222
1 0.540104 0.213889 0.078125 0.381481
1 0.347396 0.170833 0.072917 0.289815
0 0.261458 0.923611 0.084375 0.152778
0 0.512760 0.210185 0.028646 0.375926
0 0.562240 0.224074 0.033854 0.368519
0 0.635417 0.204630 0.036458 0.338889
0 0.681510 0.214352 0.038021 0.326852
