3 0.176042 0.958796 0.125000 0.082407
2 0.237500 0.259259 0.050000 0.055556
2 0.478125 0.304630 0.059375 0.081481
2 0.782813 0.407407 0.048958 0.075926
2 0.849219 0.433796 0.041146 0.078704
2 0.908594 0.468519 0.042188 0.062963
1 0.473438 0.474074 0.063542 0.331481
1 0.603646 0.185185 0.086458 0.368519
1 0.720833 0.272222 0.127083 0.446296
0 0.458333 0.468519 0.033333 0.320370
0 0.494010 0.479630 0.021354 0.320370
0 0.578125 0.168519 0.036458 0.335185
1 0.173958 0.141667 0.081250 0.281481
2 0.753906 0.078241 0.061979 0.050926
