3 0.407031 0.515278 0.090104 0.450926
2 0.097917 0.220833 0.038542 0.052778
2 0.436198 0.279630 0.048438 0.072222
2 0.724479 0.381481 0.041667 0.064815
2 0.809896 0.421759 0.052083 0.071296
2 0.875521 0.455556 0.052083 0.070370
1 0.648958 0.208796 0.084375 0.337963
1 0.514583 0.292130 0.083333 0.365741
1 0.330208 0.168519 0.083333 0.292593
0 0.465104 0.550463 0.037500 0.204630
0 0.493750 0.287963 0.032292 0.344444
0 0.543229 0.306019 0.030208 0.345370
0 0.625781 0.207870 0.031771 0.315741
0 0.669271 0.219444 0.034375 0.303704
