3 0.346875 0.556944 0.123958 0.456481
2 0.242708 0.260185 0.057292 0.062963
2 0.474740 0.300000 0.065104 0.098148
2 0.846875 0.432870 0.040625 0.080556
2 0.902865 0.464815 0.046354 0.064815
1 0.703906 0.343056 0.093229 0.291667
1 0.598177 0.191667 0.076563 0.325926
1 0.473698 0.527315 0.056771 0.237963
1 0.301563 0.163426 0.088542 0.293519
0 0.456250 0.514815 0.029167 0.225926
0 0.491146 0.533333 0.025000 0.220370
0 0.575260 0.197222 0.033854 0.324074
0 0.619531 0.204167 0.036979 0.310185
0 0.687240 0.337500 0.059896 0.295370
