3 0.352865 0.568056 0.150521 0.428704
2 0.112240 0.255093 0.029687 0.065741
2 0.226042 0.215278 0.051042 0.062037
2 0.484115 0.225463 0.088021 0.086111
2 0.388021 0.087963 0.067708 0.051852
2 0.744271 0.260648 0.059375 0.065741
2 0.788021 0.410648 0.046875 0.067593
2 0.858594 0.443519 0.051562 0.053704
1 0.618750 0.192593 0.077083 0.327778
1 0.478646 0.489815 0.059375 0.272222
1 0.399479 0.379167 0.072917 0.289815
1 0.311458 0.160648 0.080208 0.293519
0 0.459896 0.493056 0.028125 0.265741
0 0.500260 0.496296 0.020313 0.261111
0 0.594531 0.181481 0.038021 0.327778
0 0.640625 0.190741 0.034375 0.322222
0 0.419271 0.379630 0.023958 0.296296
0 0.382292 0.371296 0.018750 0.274074
