3 0.365104 0.547685 0.148958 0.437963
2 0.104167 0.246296 0.033333 0.046296
2 0.216146 0.068981 0.059375 0.043519
2 0.421354 0.260185 0.057292 0.068519
2 0.511458 0.045370 0.093750 0.040741
2 0.724740 0.375463 0.045312 0.076852
2 0.807552 0.419907 0.050521 0.073148
2 0.873958 0.454167 0.040625 0.060185
1 0.642708 0.195833 0.083333 0.349074
1 0.507031 0.358333 0.077604 0.346296
1 0.326562 0.162963 0.091667 0.298148
0 0.349479 0.159722 0.048958 0.287963
0 0.452083 0.530093 0.030208 0.150926
0 0.484635 0.354630 0.024479 0.337037
0 0.528906 0.363889 0.024479 0.324074
0 0.618229 0.198148 0.033333 0.327778
0 0.665365 0.202778 0.045312 0.329630
