2 0.809115 0.418981 0.058854 0.075000
2 0.877865 0.448611 0.036979 0.069444
1 0.521615 0.247685 0.082812 0.493519
1 0.654167 0.192593 0.090625 0.383333
0 0.495312 0.235185 0.029167 0.468519
0 0.544531 0.244444 0.036979 0.487037
1 0.180469 0.175926 0.077604 0.335185
2 0.727344 0.381019 0.034896 0.065741
3 0.352344 0.569907 0.160938 0.473148
2 0.437240 0.287963 0.078646 0.083333
1 0.234115 0.181019 0.082812 0.360185
1 0.439063 0.468056 0.065625 0.334259
0 0.459896 0.473148 0.023958 0.329630
0 0.424740 0.468519 0.035937 0.333333
