3 0.360156 0.784722 0.147396 0.430556
2 0.238542 0.259259 0.050000 0.055556
2 0.476302 0.301852 0.056771 0.081481
2 0.767708 0.405556 0.063542 0.077778
2 0.843229 0.433333 0.038542 0.075926
2 0.903906 0.468519 0.042188 0.062963
1 0.473958 0.473148 0.063542 0.318519
1 0.591406 0.181481 0.082812 0.361111
1 0.709115 0.231019 0.115104 0.460185
0 0.458333 0.472685 0.032292 0.319444
0 0.494010 0.480093 0.024479 0.312037
0 0.566927 0.172685 0.032813 0.343519
0 0.613281 0.181481 0.039062 0.361111
1 0.172135 0.144444 0.072396 0.287037
