2 0.204687 0.059722 0.052083 0.036111
2 0.516667 0.032407 0.079167 0.046296
2 0.805990 0.418056 0.058854 0.078704
2 0.874219 0.445370 0.036979 0.070370
1 0.508854 0.275926 0.084375 0.509259
1 0.642448 0.190278 0.090104 0.378704
0 0.483594 0.264815 0.033854 0.485185
0 0.530469 0.281481 0.040104 0.500000
1 0.186198 0.171296 0.077604 0.340741
2 0.723958 0.375000 0.043750 0.081481
3 0.401042 0.598611 0.126042 0.541667
2 0.427344 0.266667 0.078646 0.075926
0 0.458594 0.431944 0.030729 0.289815
1 0.222917 0.206481 0.073958 0.298148
