2 0.209896 0.018519 0.048958 0.035185
2 0.809896 0.419907 0.058333 0.078704
2 0.877865 0.450000 0.036979 0.068519
1 0.517969 0.247685 0.082812 0.493519
1 0.650260 0.190278 0.093229 0.378704
0 0.491667 0.237037 0.029167 0.472222
0 0.540365 0.246759 0.036979 0.491667
1 0.183333 0.168519 0.084375 0.335185
2 0.726042 0.378704 0.037500 0.075926
3 0.375260 0.581019 0.191146 0.491667
2 0.433594 0.281944 0.076563 0.080556
1 0.226562 0.186574 0.078125 0.345370
1 0.436719 0.442593 0.070312 0.305556
0 0.458073 0.443981 0.028646 0.302778
0 0.421615 0.443056 0.043229 0.306481
