3 0.305990 0.853704 0.161979 0.292593
2 0.205990 0.217130 0.066146 0.062037
2 0.458854 0.295370 0.056250 0.083333
2 0.833073 0.431019 0.040104 0.076852
2 0.891406 0.463426 0.051562 0.075000
1 0.683073 0.213426 0.086979 0.365741
1 0.570052 0.190278 0.073438 0.343519
1 0.282031 0.162037 0.070312 0.292593
0 0.363802 0.859722 0.048438 0.108333
0 0.547135 0.187037 0.032813 0.337037
0 0.591667 0.196296 0.042708 0.329630
0 0.659635 0.216667 0.040104 0.322222
0 0.701042 0.218981 0.046875 0.317593
0 0.299219 0.168981 0.048438 0.267593
