3 0.358594 0.566667 0.154688 0.440741
2 0.109635 0.254630 0.035937 0.059259
2 0.215625 0.152315 0.050000 0.063889
2 0.401562 0.181944 0.064583 0.084259
2 0.492448 0.150926 0.090104 0.061111
2 0.728385 0.339352 0.044271 0.075000
2 0.799740 0.401389 0.040104 0.082407
2 0.869010 0.440741 0.042188 0.061111
1 0.633854 0.191204 0.084375 0.345370
1 0.492969 0.437500 0.064062 0.295370
1 0.412240 0.458333 0.061979 0.261111
1 0.317708 0.165741 0.088542 0.296296
0 0.658594 0.199537 0.040104 0.334259
0 0.612500 0.188426 0.042708 0.319444
0 0.512500 0.441204 0.017708 0.286111
0 0.471875 0.439815 0.020833 0.281481
0 0.431250 0.458796 0.031250 0.241667
