2 0.210156 0.185185 0.049479 0.042593
2 0.493490 0.175926 0.070312 0.072222
2 0.795312 0.419444 0.062500 0.072222
2 0.864062 0.442593 0.038542 0.072222
1 0.485938 0.393519 0.077083 0.425926
1 0.626563 0.188426 0.088542 0.375000
0 0.464844 0.389815 0.034896 0.420370
0 0.510417 0.400000 0.030208 0.414815
0 0.601042 0.172685 0.037500 0.343519
1 0.181510 0.142130 0.076563 0.282407
2 0.737240 0.317593 0.051562 0.081481
3 0.369792 0.646759 0.193750 0.452778
2 0.397656 0.161111 0.085938 0.055556
0 0.456510 0.738889 0.028646 0.274074
0 0.335938 0.799074 0.026042 0.087037
