3 0.340885 0.550926 0.125521 0.435185
2 0.240625 0.258796 0.048958 0.065741
2 0.473698 0.293981 0.054688 0.087963
2 0.778646 0.410648 0.044792 0.073148
2 0.846094 0.438889 0.041146 0.057407
2 0.905729 0.468056 0.036458 0.065741
1 0.708073 0.357407 0.098437 0.281481
1 0.600260 0.210185 0.078646 0.303704
1 0.475521 0.520370 0.058333 0.218519
1 0.391406 0.275000 0.080729 0.264815
1 0.303646 0.171296 0.067708 0.259259
0 0.458333 0.515741 0.029167 0.248148
0 0.491667 0.526389 0.026042 0.213889
0 0.578906 0.207407 0.030729 0.294444
0 0.620573 0.213426 0.031771 0.278704
0 0.685937 0.352778 0.050000 0.270370
