2 0.205990 0.100926 0.049479 0.044444
2 0.506771 0.081944 0.073958 0.047222
2 0.799219 0.418519 0.067187 0.074074
2 0.871094 0.443519 0.036979 0.070370
1 0.499219 0.314815 0.081771 0.488889
1 0.637240 0.187963 0.089063 0.374074
0 0.474740 0.308333 0.030729 0.468519
0 0.524740 0.322685 0.031771 0.475000
0 0.612500 0.172685 0.037500 0.343519
1 0.182292 0.140741 0.077083 0.279630
2 0.724740 0.363889 0.044271 0.085185
3 0.389844 0.591667 0.120313 0.566667
2 0.414844 0.239352 0.081771 0.075000
0 0.442969 0.432407 0.033854 0.357407
1 0.221615 0.231019 0.067187 0.256481
