3 0.352604 0.691667 0.137500 0.438889
2 0.218490 0.245833 0.049479 0.069444
2 0.464323 0.301389 0.055729 0.084259
2 0.837240 0.421759 0.041146 0.078704
2 0.899740 0.459722 0.051562 0.067593
1 0.691146 0.215278 0.091667 0.347222
1 0.578906 0.186574 0.085938 0.336111
1 0.363542 0.168519 0.079167 0.305556
1 0.288802 0.161111 0.073438 0.279630
0 0.556510 0.176852 0.031771 0.325926
0 0.602865 0.188889 0.041146 0.322222
0 0.664844 0.222685 0.046354 0.328704
0 0.713281 0.225463 0.047396 0.308333
0 0.433073 0.806944 0.018229 0.123148
