3 0.393490 0.697222 0.156771 0.424074
2 0.185417 0.169444 0.051042 0.055556
2 0.453385 0.290278 0.057813 0.097222
2 0.745313 0.388889 0.069792 0.098148
2 0.824479 0.423611 0.042708 0.082407
2 0.888802 0.453241 0.047396 0.080556
1 0.197396 0.273148 0.068750 0.181481
1 0.458333 0.471296 0.068750 0.318519
1 0.556250 0.191204 0.081250 0.380556
1 0.670312 0.197685 0.097917 0.393519
0 0.444531 0.463426 0.042188 0.308333
0 0.477604 0.473611 0.031250 0.313889
0 0.530729 0.170370 0.033333 0.338889
0 0.577865 0.192130 0.039062 0.382407
