2 0.205990 0.120833 0.049479 0.043519
2 0.504167 0.101852 0.070833 0.061111
2 0.797396 0.418519 0.066667 0.074074
2 0.867969 0.443056 0.042188 0.073148
1 0.496875 0.330093 0.080208 0.471296
1 0.634896 0.187963 0.089583 0.374074
0 0.474219 0.322685 0.033854 0.456481
0 0.521094 0.334722 0.028646 0.463889
0 0.609375 0.172685 0.037500 0.343519
1 0.182292 0.140741 0.077083 0.279630
2 0.724740 0.356481 0.044271 0.085185
3 0.385417 0.582870 0.127083 0.582407
2 0.410417 0.224537 0.085417 0.078704
0 0.439063 0.418519 0.029167 0.392593
1 0.222396 0.243056 0.063542 0.236111
