3 0.382552 0.557407 0.142187 0.448148
2 0.241146 0.262500 0.053125 0.080556
2 0.478385 0.297222 0.058854 0.092593
2 0.846875 0.427315 0.039583 0.080556
2 0.902604 0.461111 0.051042 0.068519
1 0.709635 0.301389 0.099479 0.337963
1 0.595833 0.176852 0.083333 0.351852
1 0.295052 0.158796 0.080729 0.308333
1 0.474740 0.536111 0.052604 0.250000
0 0.456771 0.532407 0.026042 0.240741
0 0.488542 0.544907 0.021875 0.237963
0 0.571615 0.177315 0.030729 0.349074
0 0.617708 0.187963 0.040625 0.361111
0 0.688281 0.299537 0.049479 0.332407
0 0.730729 0.302315 0.057292 0.330556
