3 0.401042 0.531481 0.075000 0.424074
2 0.102604 0.232407 0.026042 0.048148
2 0.428125 0.273611 0.062500 0.084259
2 0.726302 0.380556 0.045312 0.068519
2 0.807031 0.419444 0.047396 0.070370
2 0.874219 0.447685 0.048438 0.062037
1 0.645833 0.201389 0.088542 0.345370
1 0.521615 0.320833 0.085938 0.349074
1 0.332813 0.168519 0.091667 0.311111
0 0.350521 0.168981 0.045833 0.287963
0 0.489323 0.321759 0.026562 0.334259
0 0.537240 0.329630 0.024479 0.337037
0 0.624219 0.188426 0.042188 0.350926
0 0.669271 0.205093 0.034375 0.336111
