3 0.350260 0.572222 0.130729 0.437037
2 0.108594 0.238889 0.018229 0.057407
2 0.422135 0.252315 0.072396 0.075000
2 0.726562 0.374074 0.043750 0.077778
2 0.806510 0.414352 0.032813 0.078704
2 0.876042 0.445833 0.043750 0.078704
1 0.638542 0.191667 0.076042 0.338889
1 0.507552 0.335648 0.071354 0.319444
1 0.428646 0.503704 0.069792 0.218519
1 0.331510 0.155556 0.072396 0.288889
0 0.348438 0.159722 0.038542 0.291667
0 0.449479 0.512963 0.035417 0.198148
0 0.413802 0.509259 0.036979 0.205556
0 0.484635 0.350000 0.022396 0.327778
0 0.530729 0.356019 0.027083 0.321296
0 0.612760 0.190741 0.036979 0.324074
0 0.657813 0.209722 0.040625 0.319444
