3 0.343490 0.551389 0.132812 0.439815
2 0.238021 0.261111 0.054167 0.077778
2 0.473698 0.297685 0.057813 0.095370
2 0.848177 0.429630 0.048438 0.068519
2 0.905469 0.464352 0.034896 0.062037
1 0.705469 0.343519 0.091146 0.288889
1 0.600521 0.193056 0.077083 0.343519
1 0.471875 0.530556 0.054167 0.244444
1 0.301823 0.162500 0.080729 0.293519
0 0.455469 0.523148 0.028646 0.231481
0 0.485938 0.540278 0.021875 0.228704
0 0.577083 0.181481 0.034375 0.353704
0 0.621354 0.197222 0.033333 0.337037
0 0.684115 0.343519 0.050521 0.277778
