2 0.822396 0.431019 0.058333 0.075000
2 0.887760 0.455556 0.035937 0.068519
1 0.553385 0.202315 0.082812 0.402778
1 0.670312 0.193519 0.092708 0.385185
0 0.528646 0.201852 0.030208 0.401852
0 0.572917 0.193519 0.042708 0.385185
1 0.189062 0.248611 0.066667 0.195370
2 0.734375 0.385648 0.032292 0.060185
3 0.343490 0.575926 0.136979 0.462963
2 0.448437 0.300463 0.079167 0.080556
1 0.269792 0.160185 0.078125 0.318519
1 0.449219 0.466204 0.064062 0.313889
0 0.470833 0.463426 0.021875 0.299074
0 0.439063 0.464815 0.040625 0.312963
2 0.170313 0.156481 0.051042 0.033333
