3 0.431771 0.518981 0.088542 0.437963
2 0.239323 0.258796 0.047396 0.076852
2 0.483594 0.301389 0.041146 0.076852
2 0.842969 0.435648 0.041146 0.073148
2 0.900521 0.462500 0.043750 0.063889
1 0.698177 0.261111 0.092188 0.331481
1 0.588281 0.199537 0.077604 0.317593
1 0.294792 0.162500 0.081250 0.287963
1 0.372656 0.181944 0.081771 0.302778
0 0.563542 0.202778 0.038542 0.318519
0 0.610938 0.206481 0.035417 0.305556
0 0.679688 0.265741 0.047917 0.322222
0 0.721354 0.275000 0.052083 0.307407
0 0.501563 0.535648 0.016667 0.126852
