3 0.263542 0.736574 0.146875 0.391667
2 0.437240 0.288426 0.067187 0.089815
2 0.730990 0.378704 0.046354 0.077778
2 0.816406 0.422685 0.055729 0.076852
2 0.883333 0.451852 0.050000 0.068519
1 0.661458 0.205556 0.091667 0.335185
1 0.534115 0.231944 0.079687 0.356481
1 0.342708 0.169907 0.086458 0.276852
0 0.201823 0.774074 0.094271 0.170370
0 0.362760 0.880093 0.102604 0.106481
0 0.509635 0.232870 0.027604 0.345370
0 0.558594 0.244907 0.036979 0.345370
0 0.637760 0.203704 0.041146 0.327778
0 0.680729 0.215278 0.043750 0.325000
0 0.360417 0.179167 0.038542 0.271296
