2 0.204167 0.092593 0.045833 0.044444
2 0.512240 0.067593 0.079687 0.046296
2 0.802865 0.416204 0.058854 0.078704
2 0.872656 0.446296 0.036979 0.070370
1 0.505729 0.305093 0.086458 0.502778
1 0.642188 0.187963 0.089583 0.374074
0 0.478646 0.294444 0.032292 0.483333
0 0.527865 0.308333 0.036979 0.488889
0 0.616146 0.172685 0.037500 0.343519
1 0.183333 0.139815 0.077083 0.277778
2 0.725000 0.372222 0.043750 0.079630
3 0.401302 0.596296 0.125521 0.551852
2 0.417187 0.246759 0.082292 0.075000
0 0.449740 0.413426 0.035937 0.306481
1 0.221354 0.220833 0.076042 0.273148
