2 0.229167 0.254630 0.046875 0.053704
2 0.479687 0.268519 0.062500 0.081481
2 0.787240 0.412500 0.052604 0.071296
2 0.855469 0.441667 0.039062 0.072222
2 0.915365 0.456481 0.032813 0.057407
1 0.475521 0.461111 0.066667 0.368519
1 0.610938 0.182870 0.083333 0.363889
1 0.723958 0.339352 0.118750 0.337963
0 0.459635 0.449074 0.034896 0.344444
0 0.496615 0.467593 0.023438 0.355556
0 0.586719 0.167593 0.035937 0.333333
1 0.174219 0.140278 0.076563 0.278704
2 0.751563 0.183333 0.062500 0.055556
3 0.164323 0.944907 0.171354 0.108333
2 0.377604 0.021759 0.084375 0.032407
