3 0.255469 0.936574 0.209896 0.126852
2 0.239063 0.261111 0.050000 0.055556
2 0.475781 0.303241 0.056771 0.080556
2 0.780990 0.407407 0.048438 0.075926
2 0.848177 0.435185 0.039062 0.075926
2 0.907813 0.468519 0.042708 0.062963
1 0.472396 0.479167 0.063542 0.332407
1 0.599479 0.185185 0.086458 0.368519
1 0.720313 0.256944 0.127083 0.460185
0 0.456771 0.469444 0.033333 0.320370
0 0.492448 0.483796 0.023438 0.323148
0 0.573958 0.169907 0.036458 0.337963
1 0.172396 0.142130 0.081250 0.282407
2 0.751302 0.047685 0.067187 0.045370
