3 0.393750 0.767593 0.122917 0.390741
2 0.193229 0.184722 0.051042 0.056481
2 0.454427 0.291667 0.058854 0.094444
2 0.748437 0.391667 0.069792 0.098148
2 0.826562 0.424074 0.042708 0.081481
2 0.890885 0.455556 0.046354 0.079630
1 0.203646 0.280556 0.062500 0.172222
1 0.456250 0.471759 0.062500 0.319444
1 0.560937 0.193056 0.083333 0.384259
1 0.671094 0.191204 0.098437 0.380556
0 0.440885 0.462963 0.030729 0.305556
0 0.474740 0.475000 0.026562 0.314815
0 0.535937 0.178241 0.033333 0.354630
0 0.585417 0.188889 0.034375 0.375926
