3 0.407552 0.516204 0.081771 0.437963
2 0.097917 0.230093 0.031250 0.045370
2 0.438021 0.285648 0.052083 0.063889
2 0.726823 0.377315 0.038021 0.062037
2 0.809115 0.423148 0.053646 0.068519
2 0.877604 0.447685 0.047917 0.067593
1 0.520573 0.301389 0.078646 0.360185
1 0.651563 0.199537 0.097917 0.343519
1 0.337500 0.167130 0.076042 0.291667
0 0.463021 0.548611 0.031250 0.156481
0 0.492708 0.298611 0.030208 0.347222
0 0.542969 0.307407 0.032813 0.348148
0 0.625000 0.200926 0.042708 0.325926
0 0.671615 0.213426 0.043229 0.332407
