2 0.223958 0.230093 0.046875 0.056481
2 0.482292 0.245833 0.062500 0.080556
2 0.789844 0.418056 0.051562 0.071296
2 0.858594 0.444907 0.043229 0.071296
1 0.478385 0.440278 0.069271 0.382407
1 0.614062 0.183796 0.086458 0.365741
1 0.721615 0.376852 0.110937 0.298148
0 0.462500 0.429167 0.034375 0.362037
0 0.500521 0.449074 0.023958 0.364815
0 0.587240 0.180093 0.032813 0.358333
1 0.175521 0.143056 0.077083 0.284259
2 0.748958 0.241667 0.062500 0.059259
3 0.204167 0.856481 0.134375 0.283333
0 0.269792 0.830556 0.102083 0.177778
2 0.382812 0.071759 0.088542 0.032407
