3 0.342187 0.545833 0.122917 0.423148
2 0.241406 0.255093 0.047396 0.082407
2 0.475000 0.297222 0.059375 0.103704
2 0.778385 0.406019 0.041146 0.076852
2 0.848958 0.441667 0.040625 0.087037
2 0.904948 0.468056 0.042188 0.071296
1 0.601302 0.202778 0.080729 0.337037
1 0.706250 0.362037 0.088542 0.251852
1 0.476042 0.516204 0.057292 0.239815
1 0.386979 0.246296 0.085417 0.335185
1 0.304167 0.176852 0.083333 0.251852
0 0.457031 0.512963 0.030729 0.235185
0 0.493229 0.522222 0.022917 0.205556
0 0.575000 0.206019 0.034375 0.300926
0 0.622135 0.208796 0.038021 0.299074
0 0.687760 0.349537 0.050521 0.263889
0 0.724740 0.364815 0.055729 0.235185
