3 0.379688 0.565278 0.135417 0.445370
2 0.098958 0.236111 0.033333 0.053704
2 0.432552 0.276389 0.077604 0.060185
2 0.722917 0.374537 0.048958 0.071296
2 0.807031 0.420370 0.043229 0.064815
2 0.873958 0.445370 0.039583 0.057407
1 0.645833 0.195833 0.095833 0.341667
1 0.519531 0.308796 0.076563 0.339815
1 0.336198 0.162963 0.069271 0.301852
0 0.352344 0.162500 0.045312 0.289815
0 0.455469 0.516667 0.039062 0.222222
0 0.495573 0.325926 0.027604 0.314815
0 0.539844 0.318981 0.034896 0.297222
0 0.620313 0.200463 0.043750 0.337963
0 0.669010 0.204630 0.046354 0.324074
