3 0.358333 0.562037 0.126042 0.416667
2 0.113021 0.249537 0.033333 0.050926
2 0.223958 0.213889 0.042708 0.066667
2 0.386458 0.088889 0.073958 0.057407
2 0.485417 0.228241 0.088542 0.084259
2 0.737240 0.268519 0.050521 0.075926
2 0.792448 0.400000 0.044271 0.100000
2 0.859375 0.440741 0.048958 0.074074
1 0.619531 0.185648 0.088021 0.347222
1 0.476042 0.492130 0.067708 0.278704
1 0.397396 0.380093 0.077083 0.317593
1 0.313802 0.162500 0.070312 0.297222
0 0.460938 0.495833 0.028125 0.271296
0 0.502604 0.496296 0.017708 0.259259
0 0.595833 0.182407 0.039583 0.342593
0 0.640104 0.186574 0.039583 0.337963
0 0.417708 0.375000 0.036458 0.316667
0 0.376563 0.371759 0.042708 0.289815
