3 0.203385 0.949074 0.151562 0.101852
2 0.237500 0.261111 0.050000 0.055556
2 0.476302 0.303241 0.056771 0.080556
2 0.781771 0.407407 0.048958 0.075926
2 0.847917 0.434259 0.038542 0.075926
2 0.907813 0.468519 0.042708 0.062963
1 0.473438 0.480093 0.063542 0.332407
1 0.600260 0.185185 0.085938 0.368519
1 0.719531 0.264352 0.127604 0.447222
0 0.457292 0.468519 0.033333 0.320370
0 0.492708 0.481944 0.023958 0.323148
0 0.576042 0.168981 0.036458 0.336111
1 0.172917 0.141667 0.081250 0.281481
2 0.751563 0.062500 0.067708 0.049074
