2 0.809115 0.419907 0.058854 0.075000
2 0.877865 0.449074 0.036979 0.068519
1 0.522135 0.247685 0.082812 0.493519
1 0.654167 0.192593 0.090625 0.383333
0 0.494792 0.235185 0.029167 0.468519
0 0.544010 0.244907 0.036979 0.487963
1 0.183073 0.176852 0.077604 0.335185
2 0.727344 0.381019 0.034896 0.065741
3 0.356510 0.572685 0.169271 0.476852
2 0.434635 0.283796 0.078646 0.084259
1 0.233594 0.181019 0.082812 0.360185
1 0.437240 0.467593 0.060937 0.333333
0 0.458073 0.468519 0.022396 0.318519
0 0.424740 0.468519 0.035937 0.333333
