2 0.822656 0.431019 0.057813 0.075000
2 0.888021 0.456481 0.035417 0.068519
1 0.553906 0.202315 0.082812 0.402778
1 0.670833 0.193519 0.092708 0.385185
0 0.528646 0.201852 0.030208 0.401852
0 0.573177 0.193519 0.042188 0.385185
1 0.189583 0.249074 0.066667 0.196296
2 0.733594 0.384722 0.033854 0.063889
3 0.343490 0.575926 0.136979 0.462963
2 0.448437 0.300000 0.079167 0.081481
1 0.267188 0.160648 0.078125 0.319444
1 0.448437 0.464352 0.061458 0.310185
0 0.469792 0.463426 0.021875 0.299074
0 0.439063 0.464815 0.040625 0.312963
2 0.170313 0.157407 0.051042 0.033333
